1.33649 0.227286
1.33568 0.223725
1.33647 0.217668
1.33651 0.212653
1.33649 0.205881
1.33667 0.197694
1.34033 0.188068
1.34536 0.177493
1.34499 0.163491
1.34676 0.146531
1.35361 0.131127
1.35862 0.112446
1.36419 0.0955797
1.37217 0.0799456
1.383 0.0646402
1.3877 0.0463566
1.38942 0.0346531
1.40482 0.0159539
1.45101 -0.00789895
1.45603 -0.0239876
1.47297 -0.0437382
1.49162 -0.056402
1.50894 -0.0669255
1.52768 -0.0760053
1.54522 -0.082706
1.56067 -0.091685
1.57791 -0.097966
1.58848 -0.109027
1.59995 -0.123367
1.61258 -0.13659
1.62935 -0.145805
1.64789 -0.158409
1.66474 -0.174978
1.67924 -0.191392
1.69955 -0.205993
1.7185 -0.216746
1.73272 -0.238327
1.75601 -0.251287
1.77805 -0.27108
1.79939 -0.282873
1.81617 -0.298914
1.83563 -0.309932
1.8532 -0.319691
1.86934 -0.328217
1.88435 -0.334859
1.89655 -0.343951
1.9103 -0.350564
1.92229 -0.355692
1.94172 -0.358112
1.95451 -0.357851
1.96858 -0.360419
1.98434 -0.364106
1.99643 -0.365346
2.01623 -0.36467
2.03903 -0.36331
2.06129 -0.36291
2.08364 -0.362209
2.11319 -0.357941
2.14181 -0.355658
2.16682 -0.349442
2.19598 -0.339521
2.22227 -0.331568
2.24707 -0.326623
2.27941 -0.316645
2.30908 -0.309642
2.32965 -0.301931
2.3502 -0.294668
2.37282 -0.289353
2.39045 -0.280646
2.41261 -0.274223
2.43485 -0.266179
2.44346 -0.258797
2.46318 -0.253492
2.47312 -0.245883
2.48804 -0.234589
2.49694 -0.235186
2.51641 -0.229551
2.52779 -0.226657
2.54085 -0.217995
2.55409 -0.211242
2.5731 -0.207776
2.59016 -0.198122
2.6116 -0.192842
2.64119 -0.181841
2.66134 -0.175903
2.68037 -0.173999
2.69449 -0.162651
2.71404 -0.145929
2.72965 -0.130197
2.74743 -0.123055
2.77214 -0.11482
2.78136 -0.0975491
2.78817 -0.0862529
2.79866 -0.0701206
2.80477 -0.0593473
2.8156 -0.0492721
2.81452 -0.0461081
2.82604 -0.0281005
2.8162 -0.0155709
2.82414 -0.010656
2.82855 0.00369052
2.83638 0.0137136
2.8261 0.0298042
2.83819 0.0462623
2.82985 0.0664673
2.83722 0.0821014
2.83374 0.108885
2.82119 0.126657
2.80671 0.145725
2.81108 0.16834
2.79525 0.19049
2.78657 0.208596
2.78065 0.228286
2.7641 0.24788
2.77532 0.266655
2.76876 0.282262
2.77035 0.295778
2.75737 0.30121
2.76628 0.319965
2.74835 0.32627
2.7411 0.338316
2.74212 0.348952
2.73809 0.36846
2.72917 0.3794
2.7389 0.388367
2.73599 0.408284
2.73136 0.419943
2.71942 0.431377
2.70551 0.447602
2.69389 0.467832
2.69557 0.494827
2.68684 0.521094
2.68241 0.542247
2.67369 0.556775
2.66094 0.57356
2.65857 0.589917
2.648 0.602812
2.65245 0.628094
2.64769 0.647168
2.62527 0.655253
2.60841 0.660228
2.60609 0.675743
2.5923 0.685142
2.58515 0.689927
2.56627 0.694922
2.55179 0.696811
2.54688 0.705907
2.53201 0.708131
2.52262 0.710747
2.50301 0.711178
2.48504 0.716281
2.45974 0.714223
2.43212 0.707
2.41813 0.712774
2.39129 0.711885
2.37068 0.709549
2.34707 0.701861
2.32225 0.70277
2.29522 0.696955
2.27126 0.693764
2.24491 0.688713
2.22477 0.687137
2.20523 0.685075
2.18964 0.684546
2.16493 0.677414
2.14993 0.672885
2.1316 0.675708
2.11679 0.675564
2.10059 0.67398
2.08637 0.671636
2.07385 0.668766
2.05755 0.668813
2.04135 0.6675
2.02818 0.665323
2.0116 0.66344
1.99412 0.659114
1.97204 0.655218
1.95617 0.650212
1.93339 0.646759
1.91027 0.641002
1.88827 0.63492
1.8662 0.629878
1.84349 0.622015
1.82002 0.616921
1.79731 0.611226
1.77777 0.602874
1.75674 0.599375
1.73925 0.592058
1.72133 0.585841
1.70528 0.58056
1.69299 0.575373
1.6772 0.569665
1.66444 0.563819
1.65577 0.557881
1.6415 0.552732
1.63527 0.548209
1.62066 0.54164
1.60986 0.536597
1.60241 0.530693
1.59286 0.523316
1.58016 0.515095
1.56694 0.507891
1.55348 0.498381
1.54422 0.486318
1.53427 0.470222
1.52244 0.454727
1.51207 0.437224
1.50005 0.421361
1.49147 0.400414
1.48014 0.382038
1.47237 0.360612
1.46538 0.340958
1.45686 0.322163
1.44535 0.298199
1.4423 0.27927
1.43176 0.260032
1.424 0.242834
1.41753 0.225728
1.40916 0.213455
1.40459 0.198496
1.39802 0.181788
1.38905 0.167104
1.39211 0.150799
1.38367 0.139122
1.38055 0.122743
1.37175 0.108679
1.37107 0.0933014
1.36219 0.0731635
1.35139 0.053908
1.35567 0.0289781
1.36097 0.00543467
1.3492 -0.021109
1.34868 -0.0422038
1.34616 -0.060953
1.34274 -0.0820421
1.33951 -0.101244
1.33188 -0.123091
1.32896 -0.14117
1.33386 -0.152774
1.33954 -0.163543
1.33736 -0.178536
1.33868 -0.189871
1.34084 -0.199889
1.34331 -0.210861
1.34622 -0.219003
1.35149 -0.227327
1.36009 -0.236983
1.36794 -0.246644
1.37579 -0.255536
1.38336 -0.265855
1.39268 -0.275943
1.40168 -0.287305
1.4104 -0.298447
1.42096 -0.3114
1.43415 -0.323908
1.45585 -0.331327
1.4697 -0.344742
1.4866 -0.357189
1.5073 -0.369669
1.53281 -0.378884
1.5615 -0.388646
1.58159 -0.399407
1.60037 -0.411967
1.62755 -0.420522
1.64419 -0.432008
1.65767 -0.438627
1.67992 -0.443045
1.68734 -0.44977
1.70057 -0.458687
1.71278 -0.462762
1.72336 -0.469098
1.73697 -0.474615
1.748 -0.480655
1.76058 -0.484379
1.77164 -0.490791
1.78764 -0.493644
1.79675 -0.500281
1.81123 -0.506652
1.82643 -0.514947
1.844 -0.521316
1.86385 -0.529308
1.88284 -0.535649
1.90118 -0.543337
1.92209 -0.553134
1.94544 -0.564999
1.96446 -0.57199
1.98194 -0.582721
2.00188 -0.591476
2.02329 -0.585539
2.04086 -0.605429
2.06253 -0.614786
2.0767 -0.620305
2.08834 -0.625874
2.1027 -0.630707
2.11677 -0.634015
2.13268 -0.640051
2.1464 -0.642728
2.16226 -0.643821
2.17387 -0.647946
2.18644 -0.645959
2.20402 -0.648771
2.21496 -0.648863
2.22916 -0.647234
2.25227 -0.648115
2.27597 -0.647076
2.30124 -0.643082
2.32746 -0.636116
2.35678 -0.62949
2.38126 -0.624715
2.40077 -0.611377
2.42191 -0.607366
2.44397 -0.59726
2.47306 -0.589104
2.48898 -0.579759
2.50056 -0.567606
2.51794 -0.557697
2.54391 -0.552067
2.55242 -0.536927
2.56787 -0.528855
2.58229 -0.516397
2.59129 -0.507932
2.59884 -0.494784
2.60886 -0.484527
2.62294 -0.472747
2.62631 -0.464097
2.63578 -0.450287
2.64803 -0.442335
2.6572 -0.428915
2.68167 -0.41874
2.68293 -0.404906
2.68966 -0.394368
2.70355 -0.380502
2.71978 -0.368991
2.73092 -0.346856
2.74785 -0.341985
2.75218 -0.316739
2.75759 -0.304832
2.77657 -0.297388
2.78641 -0.291628
2.81397 -0.274377
2.81366 -0.260118
2.80563 -0.246596
2.83759 -0.229322
2.82585 -0.215408
2.84115 -0.208655
2.85115 -0.184958
2.85508 -0.182879
2.85565 -0.16689
2.84746 -0.15696
2.84915 -0.144027
2.85634 -0.13691
2.8552 -0.1321
2.8582 -0.107812
2.85758 -0.0971804
2.86228 -0.0883865
2.8608 -0.0666592
2.85738 -0.0538041
2.85938 -0.040841
2.84632 -0.0225967
2.83467 -0.00300092
2.83256 0.0192051
2.82767 0.031553
2.80774 0.0496613
2.80544 0.067725
2.7907 0.0929868
2.78256 0.109365
2.75493 0.119686
2.7432 0.138433
2.72888 0.150491
2.72795 0.163024
2.71018 0.174665
2.71858 0.199766
2.71436 0.21227
2.70704 0.226162
2.70419 0.23386
2.69235 0.24437
2.67971 0.243676
2.68218 0.253451
2.66841 0.260668
2.66641 0.273019
2.65274 0.280571
2.64946 0.28752
2.64229 0.29765
2.6289 0.308552
2.63486 0.325554
2.61776 0.340948
2.61358 0.348631
2.59318 0.361483
2.57841 0.380673
2.56732 0.392671
2.55543 0.41421
2.55665 0.440203
2.53444 0.455544
2.51042 0.473531
2.49626 0.48351
2.48881 0.496901
2.47695 0.509351
2.46636 0.520738
2.4606 0.535538
2.44521 0.538794
2.42808 0.542548
2.41989 0.548156
2.40683 0.553105
2.39751 0.556317
2.39257 0.56499
2.37507 0.568448
2.36584 0.566609
2.35419 0.574391
2.33844 0.574778
2.3188 0.571773
2.2975 0.573549
2.27751 0.575549
2.25777 0.574816
2.23852 0.574645
2.21487 0.572477
2.1991 0.572389
2.17368 0.570161
2.14777 0.569179
2.12735 0.56273
2.09994 0.558573
2.07807 0.55633
2.06039 0.554038
2.036 0.552357
2.01875 0.549653
1.99891 0.54845
1.98353 0.549436
1.96802 0.548709
1.95387 0.547286
1.93847 0.545774
1.92408 0.543585
1.91117 0.542443
1.89987 0.541856
1.88748 0.541235
1.87549 0.541739
1.8627 0.542357
1.84929 0.542159
1.83476 0.542194
1.81817 0.53857
1.80044 0.53662
1.78082 0.53412
1.75905 0.529938
1.73813 0.526032
1.71624 0.518633
1.69236 0.514356
1.66907 0.507729
1.64615 0.5022
1.62394 0.49677
1.59999 0.490972
1.58043 0.484726
1.56147 0.478817
1.54272 0.473593
1.52446 0.468404
1.50939 0.46249
1.49759 0.456425
1.48393 0.450536
1.47297 0.444649
1.46324 0.440355
1.45464 0.434864
1.44641 0.43178
1.44047 0.427024
1.43275 0.42297
1.42559 0.418428
1.41687 0.411607
1.41202 0.406633
1.40418 0.399787
1.39729 0.390448
1.39049 0.381016
1.38236 0.369477
1.37451 0.356733
1.36721 0.343324
1.3612 0.328916
1.3557 0.311965
1.35332 0.296273
1.35319 0.279718
1.34806 0.255657
1.35106 0.232777
1.33876 0.211046
1.3348 0.190378
1.33026 0.171836
1.31891 0.152757
1.31499 0.134287
1.30695 0.121404
1.29605 0.112294
1.29349 0.0985565
1.29801 0.0836642
1.29632 0.0709836
1.30399 0.0564274
1.30694 0.0478836
1.31022 0.0346675
1.32169 0.0230679
1.34403 0.0039421
1.33995 -0.0051255
1.33987 -0.0185629
1.34179 -0.029672
1.34894 -0.0428992
1.35399 -0.0560941
1.35881 -0.0752684
1.36217 -0.0905578
1.36738 -0.107268
1.3771 -0.12633
1.38117 -0.143509
1.39008 -0.163219
1.39695 -0.184937
1.40295 -0.202706
1.40842 -0.218137
1.41491 -0.231491
1.41996 -0.245085
1.42117 -0.257627
1.42507 -0.268833
1.43298 -0.275797
1.43675 -0.284256
1.44243 -0.292634
1.44821 -0.298215
1.45443 -0.302722
1.46026 -0.307392
1.46793 -0.311831
1.47682 -0.31483
1.48404 -0.321025
1.49578 -0.323395
1.50533 -0.330677
1.51818 -0.333641
1.53333 -0.339177
1.54779 -0.346574
1.56431 -0.351125
1.58411 -0.353351
1.60465 -0.360659
1.62818 -0.363456
1.64882 -0.367385
1.67254 -0.368142
1.69661 -0.367435
1.72125 -0.368445
1.74181 -0.369613
1.76326 -0.369624
1.78137 -0.371082
1.79609 -0.372775
1.8145 -0.369884
1.82967 -0.369375
1.84546 -0.368272
1.8547 -0.369453
1.87023 -0.365629
1.8812 -0.365019
1.8935 -0.365595
1.9044 -0.365049
1.91313 -0.368833
1.92649 -0.367621
1.94249 -0.367258
1.95365 -0.368749
1.96614 -0.368587
1.9776 -0.370061
1.98912 -0.371967
2.00663 -0.373654
2.02152 -0.375539
2.04343 -0.376216
2.05711 -0.379984
2.07571 -0.383343
2.09624 -0.385439
2.11801 -0.388168
2.14319 -0.392225
2.16546 -0.3936
2.18206 -0.395704
2.20587 -0.396606
2.22516 -0.39484
2.24486 -0.396606
2.26319 -0.397176
2.2771 -0.399015
2.29478 -0.399872
2.3136 -0.400384
2.32937 -0.396409
2.34067 -0.39483
2.35487 -0.392388
2.36404 -0.389706
2.37131 -0.383651
2.37893 -0.378907
2.38721 -0.375843
2.39677 -0.368219
2.40003 -0.356724
2.4117 -0.351523
2.41876 -0.344466
2.4295 -0.330927
2.43813 -0.324327
2.44977 -0.314672
2.46613 -0.29736
2.47596 -0.282112
2.47371 -0.260217
2.48381 -0.240067
2.49739 -0.226428
2.50789 -0.210712
2.51634 -0.198686
2.53401 -0.18273
2.53547 -0.170937
2.53348 -0.160035
2.54064 -0.146099
2.53806 -0.126502
2.5405 -0.116753
2.54976 -0.101211
2.55537 -0.0924171
2.54564 -0.0769202
2.54764 -0.0632397
2.56088 -0.0506118
2.54705 -0.0362231
2.55485 -0.0214012
2.56204 -0.00568092
2.56535 0.000147263
2.56366 0.0155074
2.57464 0.0276657
2.58191 0.041914
2.58143 0.0552213
2.58862 0.0676402
2.60669 0.0848109
2.60649 0.10164
2.62596 0.119197
2.62919 0.130957
2.63674 0.152018
2.65589 0.171983
2.65486 0.184124
2.67054 0.20494
2.68201 0.220626
2.68052 0.235432
2.69384 0.251626
2.69402 0.267147
2.69287 0.276969
2.70278 0.284474
2.69869 0.295831
2.69692 0.305504
2.68714 0.312583
2.6902 0.315945
2.69798 0.323263
2.69206 0.332295
2.68901 0.340566
2.69321 0.351078
2.69217 0.359483
2.67639 0.363517
2.68441 0.374053
2.67865 0.38062
2.66366 0.390118
2.64879 0.397372
2.63966 0.413974
2.63355 0.426613
2.61052 0.429972
2.59893 0.439067
2.58591 0.453403
2.55999 0.456425
2.54247 0.466155
2.51502 0.471456
2.50656 0.480445
2.49388 0.489329
2.47381 0.494987
2.46849 0.509073
2.44722 0.509248
2.434 0.513758
2.42662 0.51304
2.42182 0.524521
2.41519 0.53291
2.40101 0.534498
2.39163 0.542161
2.38571 0.547277
2.37918 0.55093
2.36757 0.555911
2.3581 0.557582
2.35635 0.55815
2.33893 0.562202
2.336 0.569578
2.32252 0.574194
2.31755 0.586181
2.30451 0.584954
2.28269 0.587867
2.26377 0.59432
2.24896 0.604214
2.23085 0.613679
2.2136 0.618719
2.19624 0.631346
2.17744 0.636403
2.16164 0.647963
2.14423 0.651243
2.12857 0.663532
2.11186 0.67277
2.09276 0.674813
2.07771 0.678169
2.06392 0.678453
2.04807 0.679626
2.03574 0.679842
2.02527 0.676824
2.01139 0.676158
1.99798 0.672172
1.98885 0.672193
1.9781 0.669782
1.9662 0.666928
1.95663 0.662456
1.94267 0.658722
1.92508 0.655392
1.91104 0.650841
1.89516 0.644325
1.87716 0.637953
1.85803 0.631926
1.83832 0.623365
1.81801 0.615335
1.79779 0.605802
1.77755 0.598194
1.75832 0.588466
1.73799 0.579304
1.71705 0.57056
1.69678 0.562405
1.67839 0.553207
1.66219 0.544005
1.64578 0.536262
1.63163 0.528728
1.61809 0.522944
1.60601 0.518027
1.5943 0.51147
1.58232 0.506907
1.57232 0.500706
1.56349 0.498188
1.55371 0.493131
1.54496 0.490095
1.53726 0.485724
1.5267 0.482441
1.51682 0.478165
1.50479 0.475039
1.49167 0.469838
1.47736 0.46488
1.45954 0.4599
1.44299 0.452706
1.42393 0.447538
1.40554 0.440765
1.3838 0.435551
1.36218 0.43028
1.34176 0.424259
1.3229 0.418343
1.30561 0.411248
1.28768 0.404665
1.27047 0.398984
1.25598 0.393717
1.24417 0.388438
1.23541 0.381993
1.22875 0.376
1.22764 0.368505
1.21607 0.367138
1.21156 0.364225
1.20491 0.361831
1.20008 0.358653
1.19484 0.356035
1.19123 0.351699
1.18579 0.347504
1.18113 0.341945
1.17873 0.334659
1.17429 0.327509
1.17098 0.317175
1.17081 0.304098
1.16961 0.289219
1.17016 0.273853
1.17105 0.257553
1.17539 0.240153
1.17937 0.224148
1.18573 0.203875
1.18855 0.181796
1.1889 0.164539
1.19232 0.145427
1.18584 0.127477
1.18321 0.114581
1.17917 0.10312
1.18662 0.0891865
1.19069 0.0741481
1.20032 0.0656795
1.20714 0.0553091
1.21427 0.044569
1.2268 0.0368782
1.24248 0.0271609
1.25125 0.01494
1.25905 0.00472412
1.25637 -0.0094649
1.26694 -0.0166787
1.27391 -0.0263539
1.27882 -0.0380904
1.29062 -0.0486705
1.3028 -0.060601
1.31521 -0.0697076
1.32058 -0.086887
1.32993 -0.101021
1.33894 -0.117572
1.34429 -0.135779
1.35499 -0.152263
1.36358 -0.172288
1.37142 -0.190466
1.38185 -0.202975
1.3901 -0.215372
1.39814 -0.227434
1.40553 -0.23818
1.41305 -0.246282
1.42011 -0.254248
1.42609 -0.263394
1.43497 -0.267923
1.44086 -0.275343
1.44817 -0.279522
1.4557 -0.283699
1.4613 -0.2892
1.46958 -0.291059
1.47952 -0.295686
1.4893 -0.298815
1.50221 -0.301463
1.51676 -0.303422
1.53183 -0.306484
1.55129 -0.308133
1.56666 -0.31434
1.5888 -0.31345
1.61125 -0.313586
1.63344 -0.313003
1.65452 -0.314361
1.67882 -0.313136
1.70011 -0.311205
1.72261 -0.311914
1.74655 -0.309877
1.76874 -0.307745
1.78808 -0.307563
1.80378 -0.307642
1.81995 -0.306612
1.83653 -0.306032
1.85256 -0.307225
1.86556 -0.309659
1.87847 -0.308876
1.89186 -0.30634
1.90338 -0.306662
1.91448 -0.306543
1.9255 -0.310346
1.9442 -0.312997
1.95718 -0.313126
1.96984 -0.318423
1.98847 -0.31921
1.99737 -0.322393
2.02166 -0.325457
2.03851 -0.332441
2.05894 -0.336801
2.07576 -0.341243
2.09462 -0.347258
2.11958 -0.35266
2.14155 -0.360153
2.16093 -0.365768
2.17903 -0.370521
2.1929 -0.374165
2.20977 -0.378197
2.22687 -0.377261
2.24269 -0.378885
2.25102 -0.383618
2.26361 -0.374757
2.27606 -0.384717
2.28934 -0.383236
2.29555 -0.382481
2.30501 -0.384023
2.31785 -0.379349
2.32851 -0.37891
2.33249 -0.371884
2.3476 -0.366373
2.3568 -0.365517
2.3665 -0.361897
2.37984 -0.355313
2.39146 -0.346966
2.4022 -0.338073
2.4188 -0.329236
2.42737 -0.315786
2.44856 -0.303348
2.47132 -0.28872
2.48562 -0.274819
2.48823 -0.255671
2.49636 -0.237365
2.50851 -0.222025
2.5224 -0.210463
2.5375 -0.195543
2.54847 -0.182211
2.5662 -0.16123
2.56069 -0.159032
2.56682 -0.14694
2.57331 -0.134282
2.57058 -0.12486
2.57798 -0.110882
2.5803 -0.102796
2.57972 -0.080082
2.58426 -0.0731203
2.59328 -0.0620595
2.60046 -0.0551186
2.59702 -0.0377779
2.61023 -0.0254058
2.60172 -0.0101288
2.60653 0.00518791
2.61603 0.014847
2.6234 0.0306954
2.62403 0.0424539
2.64644 0.052724
2.6475 0.0681776
2.65942 0.0829614
2.66004 0.100243
2.67343 0.113868
2.68436 0.137673
2.69531 0.146173
2.70249 0.167332
2.70352 0.181282
2.70816 0.193289
2.71901 0.210552
2.71846 0.228263
2.72125 0.235523
2.71298 0.257269
2.72866 0.261624
2.73786 0.279773
2.74851 0.292677
2.75237 0.302261
2.74985 0.30882
2.75541 0.323259
2.75893 0.325962
2.74224 0.326973
2.75003 0.339534
2.7443 0.345478
2.73469 0.351083
2.74126 0.366818
2.72283 0.372688
2.71399 0.383389
2.70527 0.392077
2.70426 0.410845
2.68843 0.416531
2.69527 0.443118
2.67989 0.447823
2.66595 0.459192
2.63937 0.463611
2.62959 0.48024
2.61169 0.485817
2.59483 0.499421
2.58028 0.512816
2.56689 0.522304
2.55946 0.532952
2.55172 0.55016
2.53909 0.553023
2.52582 0.557519
2.51876 0.563941
2.50757 0.56205
2.50227 0.5718
2.51171 0.589862
2.49981 0.592137
2.4913 0.595629
2.49 0.603909
2.47879 0.609556
2.47329 0.612866
2.47382 0.623684
2.46282 0.623492
2.44769 0.629107
2.44811 0.644332
2.44265 0.652353
2.42512 0.657281
2.40076 0.660163
2.39111 0.667984
2.38325 0.683885
2.37152 0.695326
2.35761 0.708327
2.34695 0.720182
2.33681 0.730917
2.32706 0.741462
2.30671 0.747069
2.29516 0.756274
2.28104 0.76119
2.27144 0.768306
2.25755 0.769096
2.24921 0.7703
2.23482 0.77212
2.2316 0.772649
2.21527 0.771465
2.2041 0.771547
2.19827 0.770395
2.18511 0.767555
2.17654 0.765405
2.16791 0.763322
2.15435 0.757885
2.1397 0.75306
2.12527 0.746193
2.10961 0.741191
2.09047 0.732893
2.0746 0.727602
2.05701 0.71453
2.03739 0.708185
2.01734 0.699241
1.99745 0.69007
1.97915 0.679546
1.95878 0.669679
1.93965 0.661546
1.91967 0.653266
1.9006 0.642117
1.88476 0.631832
1.86977 0.623812
1.85286 0.615636
1.83747 0.607519
1.82322 0.602554
1.81278 0.594056
1.80092 0.588264
1.78842 0.583387
1.78019 0.578519
1.77045 0.571523
1.75854 0.568867
1.74742 0.562888
1.73661 0.557687
1.72618 0.552993
1.71387 0.54827
1.70029 0.543436
1.68728 0.537976
1.67345 0.53236
1.65633 0.525836
1.64042 0.518984
1.62192 0.51263
1.60299 0.504487
1.58301 0.497187
1.56192 0.490322
1.54026 0.483453
1.52025 0.476147
1.49763 0.468234
1.4754 0.46
1.45614 0.45072
1.43669 0.442806
1.41769 0.434845
1.40121 0.427564
1.38797 0.419803
1.37877 0.411283
1.36808 0.404123
1.36054 0.398675
1.35236 0.39263
1.34479 0.386514
1.34101 0.381395
1.33574 0.376424
1.32994 0.370863
1.3251 0.366088
1.32026 0.361368
1.31587 0.354833
1.31196 0.348162
1.30951 0.340272
1.30727 0.331035
1.3041 0.321374
1.30143 0.311309
1.29862 0.298775
1.29905 0.288675
1.29688 0.273851
1.30316 0.26068
1.29999 0.240544
1.31181 0.224574
1.30335 0.202531
1.30652 0.184201
1.30853 0.167684
1.30497 0.148766
1.30019 0.131941
1.29752 0.117636
1.29328 0.108249
1.294 0.0973128
1.29152 0.0876805
1.29033 0.0772776
1.29002 0.0625899
1.29272 0.0582398
1.29872 0.0491408
1.30534 0.0382161
1.31606 0.0283764
1.32116 0.0182533
1.328 0.0109564
1.34048 0.00103694
1.3481 -0.00586025
1.35534 -0.0123682
1.35756 -0.0225314
1.36038 -0.0322477
1.36581 -0.0458374
1.37393 -0.05401
1.38168 -0.0658545
1.38967 -0.0817725
1.39379 -0.0945677
1.40146 -0.106738
1.40922 -0.124484
1.41635 -0.139229
1.42348 -0.158365
1.43011 -0.177781
1.4393 -0.190764
1.44203 -0.208519
1.44933 -0.218724
1.45728 -0.228136
1.46156 -0.239846
1.46632 -0.248704
1.47135 -0.257319
1.47586 -0.265342
1.4807 -0.271264
1.48694 -0.276856
1.49204 -0.282163
1.4956 -0.288995
1.50277 -0.290866
1.50899 -0.293476
1.5148 -0.297914
1.52155 -0.299727
1.53169 -0.302731
1.54022 -0.305249
1.5499 -0.308896
1.56316 -0.310218
1.57678 -0.311432
1.5917 -0.315615
1.60969 -0.316577
1.62786 -0.318271
1.6476 -0.318736
1.66882 -0.316775
1.69145 -0.315136
1.71188 -0.313115
1.73563 -0.309404
1.758 -0.308875
1.77876 -0.3083
1.80396 -0.304292
1.81988 -0.30307
1.83633 -0.303233
1.85339 -0.301013
1.87121 -0.298772
1.88476 -0.297059
1.89509 -0.294134
1.90889 -0.288735
1.92066 -0.287491
1.93623 -0.287281
1.94515 -0.288361
1.95731 -0.28579
1.96718 -0.285563
1.98195 -0.284493
1.99253 -0.285904
2.00779 -0.284946
2.02238 -0.286686
2.04111 -0.287799
2.05214 -0.289174
2.07142 -0.290425
2.09609 -0.287798
2.11264 -0.296141
2.14028 -0.295126
2.16171 -0.297556
2.17975 -0.302727
2.20183 -0.303039
2.21784 -0.308531
2.23977 -0.309066
2.26246 -0.312046
2.28047 -0.310608
2.29533 -0.313315
2.31621 -0.311934
2.33352 -0.312643
2.34552 -0.311716
2.36226 -0.30449
2.37308 -0.301378
2.3801 -0.305073
2.38842 -0.300091
2.40287 -0.290573
2.4124 -0.288294
2.42259 -0.274431
2.43021 -0.276935
2.43935 -0.270548
2.44705 -0.266029
2.4605 -0.254636
2.47657 -0.242734
2.48952 -0.23323
2.50135 -0.217642
2.50977 -0.209977
2.53475 -0.198546
2.54309 -0.179924
2.55318 -0.168846
2.56822 -0.15592
2.57567 -0.141578
2.59137 -0.128786
2.59838 -0.112633
2.61523 -0.098889
2.6191 -0.0770884
2.62539 -0.0652963
2.63567 -0.0492764
2.64287 -0.0411951
2.65062 -0.03223
2.66348 -0.0225073
2.66221 -0.00378733
2.65824 0.00954687
2.66787 0.0199907
2.67448 0.0269816
2.66358 0.0405823
2.67163 0.0494355
2.67617 0.0621123
2.6828 0.0699715
2.69369 0.0780064
2.70139 0.0855416
2.69578 0.103209
2.71341 0.113092
2.72475 0.128079
2.71438 0.14424
2.73314 0.154877
2.75047 0.167478
2.74884 0.182021
2.7552 0.193657
2.77342 0.210344
2.78183 0.225956
2.79706 0.240693
2.79178 0.255518
2.80386 0.267487
2.80954 0.277534
2.81029 0.289673
2.81471 0.302568
2.80437 0.305575
2.81779 0.318003
2.82281 0.318048
2.81569 0.324833
2.81503 0.331125
2.8157 0.33773
2.81217 0.338648
2.81641 0.350208
2.80815 0.356105
2.80457 0.360232
2.79114 0.376747
2.78239 0.375772
2.77441 0.386818
2.76475 0.398942
2.74605 0.408748
2.74097 0.420943
2.71018 0.428451
2.70606 0.437111
2.68698 0.446477
2.66572 0.452436
2.64741 0.457081
2.63216 0.467187
2.61109 0.4712
2.59639 0.48073
2.59776 0.496002
2.58004 0.504132
2.56207 0.5087
2.5496 0.511352
2.5356 0.517924
2.52006 0.515127
2.51457 0.522258
2.50757 0.526244
2.49525 0.526239
2.4952 0.537417
2.48635 0.546742
2.47623 0.550093
2.46479 0.557268
2.4553 0.562476
2.44905 0.572029
2.43104 0.574068
2.41272 0.571295
2.40041 0.580466
2.39438 0.593324
2.38078 0.600291
2.35468 0.600922
2.34169 0.608932
2.3217 0.62076
2.29842 0.629125
2.27976 0.638909
2.25881 0.65028
2.24066 0.652938
2.22363 0.665166
2.20977 0.674787
2.19678 0.682713
2.18205 0.689582
2.16575 0.69344
2.15215 0.696713
2.13726 0.694973
2.12428 0.696807
2.11169 0.695845
2.09739 0.69374
2.08685 0.691972
2.07299 0.687924
2.06488 0.687809
2.05036 0.684129
2.03693 0.681255
2.02188 0.675838
2.00556 0.670012
1.98959 0.666193
1.97221 0.659361
1.95542 0.651507
1.93789 0.641849
1.91689 0.632144
1.89672 0.624793
1.87854 0.614173
1.86046 0.602734
1.83853 0.592428
1.81749 0.581172
1.79655 0.571762
1.77918 0.562098
1.7583 0.553956
1.74053 0.544996
1.72296 0.535368
1.70766 0.527183
1.69389 0.519735
1.68181 0.512647
1.66858 0.50557
1.6564 0.499856
1.64543 0.493011
1.6358 0.486066
1.6254 0.479554
1.61435 0.474625
1.60642 0.468967
1.59449 0.465043
1.5857 0.458542
1.57491 0.45271
1.5621 0.445894
1.54665 0.440174
1.53249 0.432594
1.51599 0.425086
1.49978 0.416148
1.48184 0.406914
1.46291 0.399951
1.44298 0.391486
1.42543 0.381623
1.40853 0.372915
1.39329 0.364578
1.38055 0.357317
1.36821 0.34913
1.35569 0.342492
1.34475 0.33423
1.33725 0.326721
1.32965 0.316794
1.32278 0.309818
1.31821 0.301124
1.31239 0.293932
1.31029 0.288492
1.30316 0.279231
1.29769 0.275441
1.29678 0.270426
1.29443 0.263642
1.28842 0.254216
1.28796 0.246722
1.28943 0.23928
1.2925 0.231652
1.29726 0.22417
1.3003 0.213269
1.30551 0.200913
1.30933 0.188971
1.31142 0.176056
1.31596 0.162197
1.32192 0.145491
1.32867 0.132074
1.33791 0.117356
1.35046 0.105816
1.35944 0.0961467
1.36957 0.0869296
1.38257 0.0753916
1.39108 0.0598428
1.41217 0.0522618
1.42996 0.0393883
1.45458 0.0251923
1.46303 0.0115988
1.47565 0.00572296
1.49628 0.00419174
1.49821 -0.00905386
1.51493 -0.0131832
1.52445 -0.0208596
1.53389 -0.0264034
1.54364 -0.0318951
1.55277 -0.0403914
1.56586 -0.0447513
1.5698 -0.0548339
1.5827 -0.061406
1.58896 -0.0745301
1.60206 -0.0813988
1.61723 -0.0909696
1.62876 -0.104163
1.63865 -0.116472
1.6494 -0.134192
1.65889 -0.147643
1.68072 -0.160577
1.6909 -0.18022
1.70472 -0.198586
1.72009 -0.21146
1.72994 -0.22685
1.7481 -0.238097
1.75742 -0.253449
1.76964 -0.263688
1.78722 -0.273076
1.79483 -0.28335
1.805 -0.290242
1.81493 -0.294673
1.82369 -0.30277
1.83678 -0.306408
1.85011 -0.308056
1.85362 -0.314664
1.86691 -0.316639
1.87445 -0.320254
1.88591 -0.323601
1.89647 -0.327221
1.91109 -0.325243
1.92659 -0.327506
1.94134 -0.329646
1.96427 -0.329291
1.98248 -0.326516
1.99752 -0.326872
2.01763 -0.324446
2.0366 -0.323037
2.0628 -0.317727
2.0821 -0.316523
2.10436 -0.311115
2.12599 -0.307457
2.15392 -0.301814
2.1788 -0.297343
2.19865 -0.293653
2.21601 -0.285532
2.23757 -0.280275
2.2508 -0.277036
2.26869 -0.271133
2.27731 -0.270196
2.29248 -0.267882
2.30899 -0.267905
2.32322 -0.259569
2.33633 -0.257603
2.34487 -0.259452
2.36094 -0.256064
2.37095 -0.255594
2.38197 -0.252073
2.39405 -0.252229
2.41048 -0.253381
2.42467 -0.247337
2.4353 -0.247171
2.45697 -0.24789
2.4706 -0.247187
2.48639 -0.247261
2.4997 -0.242668
2.51628 -0.247402
2.53536 -0.243282
2.54989 -0.246378
2.56048 -0.24266
2.58127 -0.242562
2.59913 -0.243459
2.61346 -0.236646
2.63437 -0.238947
2.65033 -0.238285
2.66238 -0.233207
2.67407 -0.224786
2.67945 -0.221968
2.69421 -0.21594
2.70871 -0.21869
2.70854 -0.202103
2.71117 -0.198735
2.71356 -0.197849
2.71896 -0.187797
2.72626 -0.18635
2.72479 -0.177361
2.72632 -0.167303
2.72903 -0.163357
2.73608 -0.147578
2.73317 -0.141958
2.73358 -0.126698
2.74073 -0.107563
2.75083 -0.0947633
2.74507 -0.0781582
2.74929 -0.0570826
2.7443 -0.0385757
2.7482 -0.0212564
2.7555 -0.00466611
2.75516 0.0161614
2.73857 0.0348201
2.74029 0.0529619
2.74279 0.0704941
2.73879 0.0833631
2.74073 0.0958373
2.73435 0.111235
2.72902 0.126853
2.72403 0.139425
2.71885 0.155783
2.72681 0.167905
2.72159 0.171508
2.72352 0.187881
2.72275 0.196847
2.72813 0.210143
2.72984 0.218582
2.728 0.232344
2.72491 0.240828
2.70972 0.260415
2.7326 0.271034
2.74495 0.288656
2.75161 0.303499
2.75246 0.315566
2.75504 0.326886
2.75222 0.335679
2.75249 0.349801
2.75991 0.367184
2.75908 0.383732
2.7825 0.404878
2.78394 0.418632
2.78123 0.428127
2.77855 0.442013
2.78848 0.454822
2.78547 0.461726
2.78248 0.470782
2.7772 0.478979
2.78004 0.49018
2.77366 0.497199
2.76985 0.501896
2.77264 0.509924
2.76609 0.519369
2.76437 0.527845
2.76842 0.536072
2.75816 0.544775
2.74623 0.548933
2.73819 0.557579
2.7249 0.563085
2.71085 0.56712
2.6917 0.575279
2.67444 0.577712
2.65569 0.581378
2.64212 0.588319
2.62023 0.589282
2.60321 0.594747
2.57918 0.597236
2.56139 0.597839
2.54152 0.602953
2.52002 0.60586
2.50686 0.612063
2.48163 0.609871
2.46052 0.606693
2.44604 0.611077
2.42698 0.607401
2.41336 0.608633
2.40631 0.613441
2.39929 0.617843
2.38772 0.619156
2.37263 0.621341
2.35643 0.620298
2.34461 0.620683
2.32621 0.616595
2.32015 0.61936
2.30349 0.625645
2.28953 0.628997
2.2745 0.631645
2.26046 0.638616
2.23991 0.641164
2.22455 0.645895
2.20735 0.649956
2.19211 0.65337
2.16743 0.661057
2.14745 0.668159
2.12897 0.673383
2.10377 0.676818
2.08265 0.678937
2.0616 0.675708
2.04311 0.674347
2.02751 0.669652
2.00798 0.665995
1.99485 0.662673
1.98206 0.660546
1.96901 0.657094
1.9572 0.655799
1.9464 0.654206
1.9373 0.649031
1.92672 0.646559
1.91754 0.644828
1.90995 0.642991
1.90104 0.640457
1.89143 0.63481
1.88148 0.630864
1.87168 0.624346
1.86067 0.617371
1.8488 0.608954
1.83555 0.599162
1.82368 0.588907
1.80783 0.579724
1.79372 0.569065
1.77983 0.557428
1.76255 0.54458
1.74835 0.530579
1.73407 0.515109
1.71901 0.500403
1.70567 0.489765
1.69332 0.476098
1.68201 0.465198
1.66985 0.453941
1.65819 0.443793
1.64851 0.437154
1.63929 0.428873
1.62976 0.420835
1.62057 0.414469
1.61254 0.409405
1.60383 0.404723
1.59595 0.399958
1.58668 0.396004
1.57713 0.391874
1.56774 0.386614
1.55096 0.382838
1.53701 0.378918
1.52241 0.373509
1.50466 0.369197
1.48768 0.363817
1.47042 0.359734
1.45286 0.354274
1.43616 0.348619
1.42007 0.344162
1.40784 0.336933
1.39448 0.332469
1.38209 0.326757
1.37195 0.320194
1.36298 0.316424
1.35437 0.310204
1.3462 0.306945
1.34165 0.302158
1.33394 0.29939
1.33008 0.29642
1.32542 0.291818
1.32176 0.286714
1.31938 0.280661
1.31564 0.275089
1.31132 0.270168
1.30552 0.262241
1.29969 0.252329
1.2956 0.242963
1.29123 0.233516
1.28983 0.22297
1.27476 0.20564
1.26873 0.191652
1.26071 0.182235
1.25731 0.172203
1.25292 0.163274
1.25796 0.157963
1.24836 0.146354
1.24562 0.137891
1.24503 0.131287
1.24306 0.126044
1.24241 0.119737
1.24129 0.114168
1.24098 0.112707
1.23791 0.106978
1.23746 0.106198
1.23628 0.104582
1.23491 0.103218
1.23392 0.103898
1.23255 0.105486
1.23045 0.106094
1.22831 0.106877
1.22702 0.109896
1.22496 0.111668
1.22378 0.114315
