1.23379 0.0165643
1.23379 0.0165643
1.24939 0.0155719
1.24939 0.0155719
1.24939 0.0155719
1.26708 0.0127481
1.26708 0.0127481
1.26708 0.0127481
1.28247 0.00966169
1.28247 0.00966169
1.28247 0.00966169
1.29277 0.00118318
1.29277 0.00118318
1.29277 0.00118318
1.3013 -0.0178987
1.3013 -0.0178987
1.30361 -0.046526
1.30361 -0.046526
1.30361 -0.046526
1.30788 -0.087914
1.30788 -0.087914
1.30788 -0.087914
1.31519 -0.145935
1.31519 -0.145935
1.31519 -0.145935
1.34363 -0.223946
1.34363 -0.223946
1.34363 -0.223946
1.39279 -0.302182
1.39279 -0.302182
1.39279 -0.302182
1.45694 -0.365416
1.45694 -0.365416
1.45694 -0.365416
1.45694 -0.365416
1.51497 -0.406105
1.51497 -0.406105
1.51497 -0.406105
1.56988 -0.438932
1.56988 -0.438932
1.56988 -0.438932
1.6163 -0.46532
1.6163 -0.46532
1.6163 -0.46532
1.66206 -0.490379
1.66206 -0.490379
1.66206 -0.490379
1.72739 -0.517269
1.72739 -0.517269
1.72739 -0.517269
1.80689 -0.540777
1.80689 -0.540777
1.80689 -0.540777
1.88858 -0.558031
1.88858 -0.558031
1.88858 -0.558031
1.95575 -0.56909
1.95575 -0.56909
1.95575 -0.56909
2.01143 -0.575664
2.01143 -0.575664
2.01143 -0.575664
2.05697 -0.575752
2.05697 -0.575752
2.05697 -0.575752
2.10165 -0.581795
2.10165 -0.581795
2.10165 -0.581795
2.14579 -0.588308
2.14579 -0.588308
2.14579 -0.588308
2.22582 -0.589442
2.22582 -0.589442
2.22582 -0.589442
2.3205 -0.583179
2.3205 -0.583179
2.3205 -0.583179
2.3608 -0.579293
2.3608 -0.579293
2.3608 -0.579293
2.39769 -0.577095
2.39769 -0.577095
2.39769 -0.577095
2.43514 -0.576981
2.43514 -0.576981
2.43514 -0.576981
2.47138 -0.573187
2.47138 -0.573187
2.47138 -0.573187
2.51408 -0.56319
2.51408 -0.56319
2.51408 -0.56319
2.51408 -0.56319
2.51408 -0.56319
2.51408 -0.56319
2.51408 -0.56319
2.51408 -0.56319
2.51408 -0.56319
2.69062 -0.350208
2.69062 -0.350208
2.69062 -0.350208
2.71793 -0.30008
2.71793 -0.30008
2.71793 -0.30008
2.7382 -0.25419
2.7382 -0.25419
2.7382 -0.25419
2.74435 -0.202297
2.74435 -0.202297
2.74435 -0.202297
2.76117 -0.163886
2.76117 -0.163886
2.76117 -0.163886
2.76898 -0.128013
2.76898 -0.128013
2.76898 -0.128013
2.77482 -0.0800193
2.77482 -0.0800193
2.77482 -0.0800193
2.77499 -0.0649868
2.77499 -0.0649868
2.77499 -0.0649868
2.75308 0.0622602
2.75308 0.0622602
2.75308 0.0622602
2.71852 0.15484
2.71852 0.15484
2.68335 0.225512
2.68335 0.225512
2.68335 0.225512
2.6548 0.275833
2.6548 0.275833
2.6548 0.275833
2.6308 0.313553
2.6308 0.313553
2.6308 0.313553
2.6065 0.342549
2.6065 0.342549
2.6065 0.342549
2.58161 0.368419
2.58161 0.368419
2.58161 0.368419
2.5429 0.399634
2.5429 0.399634
2.5429 0.399634
2.49054 0.43174
2.49054 0.43174
2.49054 0.43174
2.42875 0.470427
2.42875 0.470427
2.42875 0.470427
2.37533 0.502292
2.37533 0.502292
2.37533 0.502292
2.37533 0.502292
2.3328 0.523379
2.3328 0.523379
2.3328 0.523379
2.29919 0.533928
2.29919 0.533928
2.29919 0.533928
2.27862 0.540267
2.27862 0.540267
2.27862 0.540267
2.27862 0.540267
2.27862 0.540267
2.27862 0.540267
2.08966 0.520042
2.08966 0.520042
2.08966 0.520042
2.00103 0.523185
2.00103 0.523185
2.00103 0.523185
1.95019 0.518793
1.95019 0.518793
1.95019 0.518793
1.90374 0.511142
1.90374 0.511142
1.90374 0.511142
1.86074 0.502336
1.86074 0.502336
1.86074 0.502336
1.81624 0.495058
1.81624 0.495058
1.81624 0.495058
1.76543 0.485226
1.76543 0.485226
1.76543 0.485226
1.71656 0.473572
1.71656 0.473572
1.71656 0.473572
1.6658 0.45892
1.6658 0.45892
1.6658 0.45892
1.60745 0.432403
1.60745 0.432403
1.60745 0.432403
1.54767 0.398076
1.54767 0.398076
1.54767 0.398076
1.49535 0.363752
1.49535 0.363752
1.49535 0.363752
1.45517 0.335031
1.45517 0.335031
1.45517 0.335031
1.42726 0.305978
1.42726 0.305978
1.42726 0.305978
1.40604 0.27603
1.40604 0.27603
1.40604 0.27603
1.38138 0.242628
1.38138 0.242628
1.38138 0.242628
1.35984 0.206502
1.35984 0.206502
1.35984 0.206502
1.32848 0.15339
1.32848 0.15339
1.32848 0.15339
1.27597 0.131553
1.27597 0.131553
1.27597 0.131553
1.24447 0.0289527
1.24447 0.0289527
1.24447 0.0289527
1.22847 -0.0492366
1.22847 -0.0492366
1.22847 -0.0492366
1.22218 -0.111761
1.22218 -0.111761
1.22218 -0.111761
1.22036 -0.163824
1.22036 -0.163824
1.22036 -0.163824
1.22267 -0.209885
1.22267 -0.209885
1.23029 -0.248189
1.23029 -0.248189
1.23029 -0.248189
1.23543 -0.284824
1.23543 -0.284824
1.23543 -0.284824
1.24864 -0.333117
1.24864 -0.333117
1.24864 -0.333117
1.25679 -0.352968
1.25679 -0.352968
1.25679 -0.352968
1.26578 -0.37067
1.26578 -0.37067
1.26578 -0.37067
1.2744 -0.387917
1.2744 -0.387917
1.2744 -0.387917
1.28384 -0.405464
1.28384 -0.405464
1.28384 -0.405464
1.2952 -0.426423
1.2952 -0.426423
1.2952 -0.426423
1.2952 -0.426423
1.2952 -0.426423
1.2952 -0.426423
1.2952 -0.426423
1.2952 -0.426423
1.2952 -0.426423
1.44201 -0.608891
1.44201 -0.608891
1.44201 -0.608891
1.50159 -0.661955
1.50159 -0.661955
1.50159 -0.661955
1.50159 -0.661955
1.57827 -0.717137
1.57827 -0.717137
1.57827 -0.717137
1.65506 -0.757971
1.65506 -0.757971
1.65506 -0.757971
1.71471 -0.78129
1.71471 -0.78129
1.71471 -0.78129
1.76464 -0.801545
1.76464 -0.801545
1.76464 -0.801545
1.81001 -0.817746
1.81001 -0.817746
1.81001 -0.817746
1.85633 -0.822989
1.85633 -0.822989
1.85633 -0.822989
1.90365 -0.827699
1.90365 -0.827699
1.90365 -0.827699
1.96441 -0.833935
1.96441 -0.833935
1.96441 -0.833935
2.03816 -0.842141
2.03816 -0.842141
2.03816 -0.842141
2.11125 -0.847884
2.11125 -0.847884
2.11125 -0.847884
2.17343 -0.848727
2.17343 -0.848727
2.17343 -0.848727
2.22023 -0.852715
2.22023 -0.852715
2.22023 -0.852715
2.26145 -0.850837
2.26145 -0.850837
2.26145 -0.850837
2.30252 -0.851608
2.30252 -0.851608
2.30252 -0.851608
2.31908 -0.849482
2.31908 -0.849482
2.31908 -0.849482
2.3893 -0.842684
2.3893 -0.842684
2.3893 -0.842684
2.46859 -0.81714
2.46859 -0.81714
2.46859 -0.81714
2.49876 -0.811671
2.49876 -0.811671
2.49876 -0.811671
2.59173 -0.747244
2.59173 -0.747244
2.59173 -0.747244
2.65279 -0.697729
2.65279 -0.697729
2.65279 -0.697729
2.69629 -0.672932
2.69629 -0.672932
2.69629 -0.672932
2.70522 -0.624405
2.70522 -0.624405
2.70522 -0.624405
2.73722 -0.585819
2.73722 -0.585819
2.73035 -0.548687
2.73035 -0.548687
2.73035 -0.548687
2.75977 -0.497984
2.75977 -0.497984
2.75977 -0.497984
2.74627 -0.447604
2.74627 -0.447604
2.74627 -0.447604
2.75135 -0.387136
2.75135 -0.387136
2.75135 -0.387136
2.75936 -0.330618
2.75936 -0.330618
2.75936 -0.330618
2.76762 -0.288798
2.76762 -0.288798
2.76762 -0.288798
2.76406 -0.255178
2.76406 -0.255178
2.76406 -0.255178
2.76441 -0.227773
2.76441 -0.227773
2.76441 -0.227773
2.76172 -0.197073
2.76172 -0.197073
2.76172 -0.197073
2.75601 -0.159555
2.75601 -0.159555
2.75601 -0.159555
2.74814 -0.146392
2.74814 -0.146392
2.74814 -0.146392
2.70514 -0.0329541
2.70514 -0.0329541
2.70514 -0.0329541
2.65818 0.0504877
2.65818 0.0504877
2.65818 0.0504877
2.61239 0.115446
2.61239 0.115446
2.61239 0.115446
2.56544 0.156451
2.56544 0.156451
2.56544 0.156451
2.52592 0.182242
2.52592 0.182242
2.52592 0.182242
2.49284 0.20724
2.49284 0.20724
2.49284 0.20724
2.46203 0.226332
2.46203 0.226332
2.46203 0.226332
2.46203 0.226332
2.43256 0.24046
2.43256 0.24046
2.43256 0.24046
2.39226 0.26236
2.39226 0.26236
2.39226 0.26236
2.33572 0.286964
2.33572 0.286964
2.33572 0.286964
2.27135 0.319995
2.27135 0.319995
2.27135 0.319995
2.20484 0.347912
2.20484 0.347912
2.20484 0.347912
2.15568 0.367682
2.15568 0.367682
2.15568 0.367682
2.11701 0.379683
2.11701 0.379683
2.11701 0.379683
2.08835 0.384217
2.08835 0.384217
2.08835 0.384217
2.06969 0.387159
2.06969 0.387159
2.06969 0.387159
1.98181 0.402247
1.98181 0.402247
1.98181 0.402247
1.93132 0.408523
1.93132 0.408523
1.93132 0.408523
1.87249 0.409937
1.87249 0.409937
1.87249 0.409937
1.81546 0.407886
1.81546 0.407886
1.81546 0.407886
1.75015 0.399542
1.75015 0.399542
1.75015 0.399542
1.6839 0.384408
1.6839 0.384408
1.6839 0.384408
1.62842 0.372907
1.62842 0.372907
1.62842 0.372907
1.57745 0.361149
1.57745 0.361149
1.57745 0.361149
1.53521 0.349966
1.53521 0.349966
1.53521 0.349966
1.49757 0.334796
1.49757 0.334796
1.49757 0.334796
1.45982 0.318998
1.45982 0.318998
1.45982 0.318998
1.41648 0.296801
1.41648 0.296801
1.41648 0.296801
1.36986 0.266105
1.36986 0.266105
1.32975 0.233705
1.32975 0.233705
1.32975 0.233705
1.29741 0.204346
1.29741 0.204346
1.29741 0.204346
1.2769 0.18114
1.2769 0.18114
1.2769 0.18114
1.265 0.156567
1.265 0.156567
1.265 0.156567
1.25302 0.129658
1.25302 0.129658
1.25302 0.129658
1.23835 0.102261
1.23835 0.102261
1.23835 0.102261
1.2262 0.0719006
1.2262 0.0719006
1.2262 0.0719006
1.20711 0.0225527
1.20711 0.0225527
1.20711 0.0225527
1.19015 -0.0291968
1.19015 -0.0291968
1.19015 -0.0291968
1.17987 -0.100329
1.17987 -0.100329
1.17987 -0.100329
1.1818 -0.169703
1.1818 -0.169703
1.1818 -0.169703
1.1902 -0.225382
1.1902 -0.225382
1.1902 -0.225382
1.20462 -0.266847
1.20462 -0.266847
1.20462 -0.266847
1.2197 -0.302062
1.2197 -0.302062
1.2197 -0.302062
1.23922 -0.331008
1.23922 -0.331008
1.23922 -0.331008
1.25779 -0.355018
1.25779 -0.355018
1.25779 -0.355018
1.28101 -0.385668
1.28101 -0.385668
1.28101 -0.385668
1.31582 -0.422695
1.31582 -0.422695
1.31582 -0.422695
1.31582 -0.422695
1.35929 -0.46238
1.35929 -0.46238
1.35929 -0.46238
1.40064 -0.493167
1.40064 -0.493167
1.40064 -0.493167
1.43183 -0.514473
1.43183 -0.514473
1.43183 -0.514473
1.4664 -0.5298
1.4664 -0.5298
1.4664 -0.5298
1.49707 -0.544584
1.49707 -0.544584
1.49707 -0.544584
1.52956 -0.55904
1.52956 -0.55904
1.52956 -0.55904
1.56031 -0.569047
1.56031 -0.569047
1.56031 -0.569047
1.61315 -0.588713
1.61315 -0.588713
1.61315 -0.588713
1.68722 -0.609638
1.68722 -0.609638
1.68722 -0.609638
1.77045 -0.626438
1.77045 -0.626438
1.77045 -0.626438
1.84856 -0.638024
1.84856 -0.638024
1.84856 -0.638024
1.89656 -0.649538
1.89656 -0.649538
1.89656 -0.649538
1.94242 -0.662592
1.94242 -0.662592
1.94242 -0.662592
1.98615 -0.67651
1.98615 -0.67651
1.98615 -0.67651
2.0329 -0.688438
2.0329 -0.688438
2.08221 -0.693314
2.08221 -0.693314
2.08221 -0.693314
2.06504 -0.615095
2.06504 -0.615095
2.06504 -0.615095
2.12117 -0.596892
2.12117 -0.596892
2.12117 -0.596892
2.18079 -0.585857
2.18079 -0.585857
2.18079 -0.585857
2.24205 -0.566898
2.24205 -0.566898
2.24205 -0.566898
2.29301 -0.547467
2.29301 -0.547467
2.29301 -0.547467
2.32578 -0.534323
2.32578 -0.534323
2.32578 -0.534323
2.34902 -0.517105
2.34902 -0.517105
2.34902 -0.517105
2.36577 -0.500039
2.36577 -0.500039
2.36577 -0.500039
2.39344 -0.485395
2.39344 -0.485395
2.39344 -0.485395
2.42291 -0.470659
2.42291 -0.470659
2.42291 -0.470659
2.4685 -0.442685
2.4685 -0.442685
2.4685 -0.442685
2.48461 -0.433058
2.48461 -0.433058
2.48461 -0.433058
2.54058 -0.349109
2.54058 -0.349109
2.54058 -0.349109
2.57745 -0.278005
2.57745 -0.278005
2.57745 -0.278005
2.58948 -0.217386
2.58948 -0.217386
2.58948 -0.217386
2.5914 -0.171761
2.5914 -0.171761
2.5914 -0.171761
2.59796 -0.131414
2.59796 -0.131414
2.59796 -0.131414
2.6027 -0.0999153
2.6027 -0.0999153
2.6027 -0.0999153
2.60178 -0.0704555
2.60178 -0.0704555
2.60178 -0.0704555
2.60193 -0.0373425
2.60193 -0.0373425
2.60193 -0.0373425
2.59611 0.0204325
2.59611 0.0204325
2.59611 0.0204325
2.58387 0.0836964
2.58387 0.0836964
2.58387 0.0836964
2.56632 0.114359
2.56632 0.114359
2.56632 0.114359
2.55249 0.149071
2.55249 0.149071
2.55249 0.149071
2.55249 0.149071
2.54894 0.174113
2.54894 0.174113
2.54894 0.174113
2.53746 0.193565
2.53746 0.193565
2.53746 0.193565
2.52499 0.213535
2.52499 0.213535
2.52499 0.213535
2.51662 0.237253
2.51662 0.237253
2.51662 0.237253
2.50067 0.257941
2.50067 0.257941
2.50067 0.257941
2.49354 0.265534
2.49354 0.265534
2.49354 0.265534
2.42353 0.340091
2.42353 0.340091
2.42353 0.340091
2.35137 0.388928
2.35137 0.388928
2.35137 0.388928
2.28245 0.419628
2.28245 0.419628
2.28245 0.419628
2.22109 0.43051
2.22109 0.43051
2.17578 0.429783
2.17578 0.429783
2.17578 0.429783
2.17578 0.429783
2.13964 0.434913
2.13964 0.434913
2.13964 0.434913
2.1079 0.436245
2.1079 0.436245
2.07345 0.439694
2.07345 0.439694
2.07345 0.439694
2.03227 0.444248
2.03227 0.444248
2.03227 0.444248
1.97727 0.449327
1.97727 0.449327
1.97727 0.449327
1.91124 0.4497
1.91124 0.4497
1.91124 0.4497
1.84269 0.451865
1.84269 0.451865
1.84269 0.451865
1.78469 0.457408
1.78469 0.457408
1.78469 0.457408
1.74042 0.459099
1.74042 0.459099
1.74042 0.459099
1.70171 0.452215
1.70171 0.452215
1.70171 0.452215
1.66695 0.444308
1.66695 0.444308
1.66695 0.444308
1.6314 0.44022
1.6314 0.44022
1.6314 0.44022
1.59238 0.443886
1.59238 0.443886
1.59238 0.443886
1.53588 0.441059
1.53588 0.441059
1.53588 0.441059
1.46467 0.430386
1.46467 0.430386
1.46467 0.430386
1.3908 0.413207
1.3908 0.413207
1.3908 0.413207
1.32864 0.390658
1.32864 0.390658
1.32864 0.390658
1.28618 0.371717
1.28618 0.371717
1.28618 0.371717
1.25156 0.351128
1.25156 0.351128
1.25156 0.351128
1.2245 0.333174
1.2245 0.333174
1.2245 0.333174
1.20528 0.317599
1.20528 0.317599
1.20528 0.317599
1.18667 0.300046
1.18667 0.300046
1.18667 0.300046
1.1647 0.278642
1.1647 0.278642
1.1647 0.278642
1.14204 0.247549
1.14204 0.247549
1.14204 0.247549
1.12502 0.214656
1.12502 0.214656
1.12502 0.214656
1.11102 0.184712
1.11102 0.184712
1.11102 0.184712
1.10046 0.162565
1.10046 0.162565
1.10046 0.162565
1.09679 0.137803
1.09679 0.137803
1.09679 0.137803
1.09487 0.110936
1.09487 0.110936
1.09487 0.110936
1.09487 0.110936
1.08938 0.0806571
1.08938 0.0806571
1.08938 0.0806571
1.08879 0.0466466
1.08879 0.0466466
1.08879 0.0466466
1.08361 -0.00883398
1.08361 -0.00883398
1.08361 -0.00883398
1.08725 -0.0656668
1.08725 -0.0656668
1.08725 -0.0656668
1.09672 -0.131572
1.09672 -0.131572
1.09672 -0.131572
1.11303 -0.193265
1.11303 -0.193265
1.11303 -0.193265
1.13673 -0.238502
1.13673 -0.238502
1.16059 -0.273602
1.16059 -0.273602
1.16059 -0.273602
1.18454 -0.302474
1.18454 -0.302474
1.18454 -0.302474
1.20941 -0.3248
1.20941 -0.3248
1.20941 -0.3248
1.23084 -0.343362
1.23084 -0.343362
1.23084 -0.343362
1.25966 -0.367413
1.25966 -0.367413
1.25966 -0.367413
1.30015 -0.396175
1.30015 -0.396175
1.30015 -0.396175
1.34799 -0.423722
1.34799 -0.423722
1.34799 -0.423722
1.39168 -0.445254
1.39168 -0.445254
1.39168 -0.445254
1.42502 -0.460055
1.42502 -0.460055
1.42502 -0.460055
1.45789 -0.470463
1.45789 -0.470463
1.45789 -0.470463
1.48981 -0.479985
1.48981 -0.479985
1.48981 -0.479985
1.52008 -0.491958
1.52008 -0.491958
1.52008 -0.491958
1.55054 -0.502646
1.55054 -0.502646
1.55054 -0.502646
1.61072 -0.52035
1.61072 -0.52035
1.61072 -0.52035
1.689 -0.538711
1.689 -0.538711
1.689 -0.538711
1.77029 -0.55564
1.77029 -0.55564
1.77029 -0.55564
1.84615 -0.562389
1.84615 -0.562389
1.84615 -0.562389
1.90165 -0.569075
1.90165 -0.569075
1.90165 -0.569075
1.94596 -0.574784
1.94596 -0.574784
1.94596 -0.574784
1.98293 -0.581522
1.98293 -0.581522
1.98293 -0.581522
2.01508 -0.580525
2.01508 -0.580525
2.01508 -0.580525
2.04746 -0.573109
2.04746 -0.573109
2.04746 -0.573109
2.0913 -0.569353
2.0913 -0.569353
2.0913 -0.569353
2.14512 -0.560794
2.14512 -0.560794
2.14512 -0.560794
2.19976 -0.549681
2.19976 -0.549681
2.19976 -0.549681
2.25016 -0.539172
2.25016 -0.539172
2.25016 -0.539172
2.29142 -0.533602
2.29142 -0.533602
2.29142 -0.533602
2.32018 -0.524096
2.32018 -0.524096
2.32018 -0.524096
2.34838 -0.515187
2.34838 -0.515187
2.34838 -0.515187
2.37637 -0.508483
2.37637 -0.508483
2.37637 -0.508483
2.40777 -0.500913
2.40777 -0.500913
2.40777 -0.500913
2.44665 -0.483602
2.44665 -0.483602
2.44665 -0.483602
2.49622 -0.450239
2.49622 -0.450239
2.49622 -0.450239
2.51615 -0.437708
2.51615 -0.437708
2.51615 -0.437708
2.51615 -0.437708
2.57216 -0.352865
2.57216 -0.352865
2.57216 -0.352865
2.60667 -0.286809
2.60667 -0.286809
2.62159 -0.235076
2.62159 -0.235076
2.62159 -0.235076
2.62892 -0.191534
2.62892 -0.191534
2.62892 -0.191534
2.63456 -0.153734
2.63456 -0.153734
2.63456 -0.153734
2.63608 -0.121623
2.63608 -0.121623
2.63608 -0.121623
2.63996 -0.0932437
2.63996 -0.0932437
2.63996 -0.0932437
2.64007 -0.0569132
2.64007 -0.0569132
2.64007 -0.0569132
2.63781 0.00520112
2.63781 0.00520112
2.63781 0.00520112
2.62993 0.0494052
2.62993 0.0494052
2.62993 0.0494052
2.61614 0.0987875
2.61614 0.0987875
2.61614 0.0987875
2.60716 0.14032
2.60716 0.14032
2.60716 0.14032
2.60556 0.170212
2.60556 0.170212
2.60556 0.170212
2.59583 0.189468
2.59583 0.189468
2.59583 0.189468
2.59336 0.207567
2.59336 0.207567
2.59336 0.207567
2.59441 0.230331
2.59441 0.230331
2.59441 0.230331
2.58896 0.258357
2.58896 0.258357
2.58896 0.258357
2.58465 0.268361
2.58465 0.268361
2.58465 0.268361
2.5299 0.347522
2.5299 0.347522
2.5299 0.347522
2.47458 0.409469
2.47458 0.409469
2.47458 0.409469
2.41975 0.452178
2.41975 0.452178
2.41975 0.452178
2.37177 0.479632
2.37177 0.479632
2.37177 0.479632
2.33145 0.493441
2.33145 0.493441
2.33145 0.493441
2.30037 0.504002
2.30037 0.504002
2.30037 0.504002
2.26849 0.510562
2.26849 0.510562
2.26849 0.510562
2.24169 0.510072
2.24169 0.510072
2.24169 0.510072
2.20837 0.516439
2.20837 0.516439
2.20837 0.516439
2.15924 0.522394
2.15924 0.522394
2.15924 0.522394
2.10011 0.522178
2.10011 0.522178
2.10011 0.522178
2.04266 0.52022
2.04266 0.52022
2.04266 0.52022
1.99491 0.520256
1.99491 0.520256
1.99491 0.520256
1.95622 0.518302
1.95622 0.518302
1.95622 0.518302
1.92099 0.508787
1.92099 0.508787
1.92099 0.508787
1.88645 0.502175
1.88645 0.502175
1.88645 0.502175
1.84947 0.499951
1.84947 0.499951
1.84947 0.499951
1.81136 0.497949
1.81136 0.497949
1.75839 0.49071
1.75839 0.49071
1.75839 0.49071
1.68834 0.475626
1.68834 0.475626
1.68834 0.475626
1.61373 0.455021
1.61373 0.455021
1.61373 0.455021
1.54505 0.426541
1.54505 0.426541
1.54505 0.426541
1.54505 0.426541
1.49101 0.396183
1.49101 0.396183
1.49101 0.396183
1.4554 0.36858
1.4554 0.36858
1.4554 0.36858
1.42431 0.345597
1.42431 0.345597
1.42431 0.345597
1.3974 0.323955
1.3974 0.323955
1.3974 0.323955
1.36939 0.30283
1.36939 0.30283
1.36939 0.30283
1.34541 0.286265
1.34541 0.286265
1.34541 0.286265
1.31701 0.263251
1.31701 0.263251
1.31701 0.263251
1.28136 0.229805
1.28136 0.229805
1.28136 0.229805
1.25367 0.190291
1.25367 0.190291
1.25367 0.190291
1.23221 0.1537
1.23221 0.1537
1.23221 0.1537
1.21864 0.128011
1.21864 0.128011
1.21864 0.128011
1.21185 0.107584
1.21185 0.107584
1.21185 0.107584
1.20795 0.0861931
1.20795 0.0861931
1.20795 0.0861931
1.2045 0.0674447
1.2045 0.0674447
1.2045 0.0674447
1.1995 0.0434209
1.1995 0.0434209
1.1995 0.0434209
1.19727 0.0147391
1.19727 0.0147391
1.19727 0.0147391
1.18876 -0.0303167
1.18876 -0.0303167
1.18876 -0.0303167
1.18327 -0.0756944
1.18327 -0.0756944
1.18327 -0.0756944
1.18467 -0.134152
1.18467 -0.134152
1.18467 -0.134152
1.1951 -0.190522
1.1951 -0.190522
1.1951 -0.190522
1.21189 -0.239424
1.21189 -0.239424
1.21189 -0.239424
1.23078 -0.271239
1.23078 -0.271239
1.23078 -0.271239
1.24695 -0.29809
1.24695 -0.29809
1.24695 -0.29809
1.26223 -0.321166
1.26223 -0.321166
1.26223 -0.321166
1.28253 -0.339666
1.28253 -0.339666
1.28253 -0.339666
1.2973 -0.355007
1.2973 -0.355007
1.2973 -0.355007
1.3226 -0.37745
1.3226 -0.37745
1.3226 -0.37745
1.35839 -0.402652
1.35839 -0.402652
1.35839 -0.402652
1.3997 -0.427191
1.3997 -0.427191
1.3997 -0.427191
1.43921 -0.449536
1.43921 -0.449536
1.47098 -0.468352
1.47098 -0.468352
1.47098 -0.468352
1.47098 -0.468352
1.50153 -0.477733
1.50153 -0.477733
1.53333 -0.484534
1.53333 -0.484534
1.53333 -0.484534
1.56304 -0.493989
1.56304 -0.493989
1.56304 -0.493989
1.59078 -0.500443
1.59078 -0.500443
1.59078 -0.500443
1.63995 -0.512652
1.63995 -0.512652
1.63995 -0.512652
1.70897 -0.528654
1.70897 -0.528654
1.70897 -0.528654
1.79131 -0.542066
1.79131 -0.542066
1.79131 -0.542066
1.87034 -0.550147
1.87034 -0.550147
1.87034 -0.550147
1.9186 -0.558692
1.9186 -0.558692
1.9186 -0.558692
1.9186 -0.558692
1.96493 -0.567506
1.96493 -0.567506
1.96493 -0.567506
2.01072 -0.575436
2.01072 -0.575436
2.01072 -0.575436
2.05971 -0.58231
2.05971 -0.58231
2.05971 -0.58231
2.07936 -0.541672
2.07936 -0.541672
2.07936 -0.541672
2.12262 -0.523023
2.12262 -0.523023
2.12262 -0.523023
2.18381 -0.509352
2.18381 -0.509352
2.18381 -0.509352
2.25019 -0.490134
2.25019 -0.490134
2.25019 -0.490134
2.311 -0.469698
2.311 -0.469698
2.311 -0.469698
2.35875 -0.453838
2.35875 -0.453838
2.35875 -0.453838
2.39188 -0.441104
2.39188 -0.441104
2.39188 -0.441104
2.41496 -0.427236
2.41496 -0.427236
2.41496 -0.427236
2.43636 -0.413498
2.43636 -0.413498
2.43636 -0.413498
2.46593 -0.399877
2.46593 -0.399877
2.46593 -0.399877
2.49905 -0.390507
2.49905 -0.390507
2.49905 -0.390507
2.54451 -0.368662
2.54451 -0.368662
2.54451 -0.368662
2.59222 -0.329441
2.59222 -0.329441
2.59222 -0.329441
2.61459 -0.314768
2.61459 -0.314768
2.61459 -0.314768
2.66888 -0.226679
2.66888 -0.226679
2.66888 -0.226679
2.69352 -0.167445
2.69352 -0.167445
2.69352 -0.167445
2.72093 -0.134609
2.72093 -0.134609
2.72093 -0.134609
2.71948 -0.095435
2.71948 -0.095435
2.71948 -0.095435
2.724 -0.0670203
2.724 -0.0670203
2.724 -0.0670203
2.72254 -0.0363856
2.72254 -0.0363856
2.72132 -0.00895966
2.72132 -0.00895966
2.72132 -0.00895966
2.71994 0.0400977
2.71994 0.0400977
2.71994 0.0400977
2.71068 0.0956351
2.71068 0.0956351
2.71068 0.0956351
2.68831 0.122086
2.68831 0.122086
2.68831 0.122086
2.66948 0.150317
2.66948 0.150317
2.66948 0.150317
2.65378 0.173377
2.65378 0.173377
2.65378 0.173377
2.6348 0.194364
2.6348 0.194364
2.6348 0.194364
2.62604 0.215225
2.62604 0.215225
2.62604 0.215225
2.61412 0.232951
2.61412 0.232951
2.61412 0.232951
2.60815 0.238638
2.60815 0.238638
2.60815 0.238638
2.60266 0.239768
2.60266 0.239768
2.60266 0.239768
2.49249 0.337077
2.49249 0.337077
2.49249 0.337077
2.41802 0.381324
2.41802 0.381324
2.41802 0.381324
2.35249 0.409097
2.35249 0.409097
2.35249 0.409097
2.30015 0.421317
2.30015 0.421317
2.30015 0.421317
2.25889 0.427924
2.25889 0.427924
2.25889 0.427924
2.22445 0.435558
2.22445 0.435558
2.22445 0.435558
2.22445 0.435558
2.19476 0.440875
2.19476 0.440875
2.19476 0.440875
2.16898 0.445466
2.16898 0.445466
2.16898 0.445466
2.12839 0.451568
2.12839 0.451568
2.12839 0.451568
2.07056 0.457422
2.07056 0.457422
2.07056 0.457422
2.00225 0.454434
2.00225 0.454434
2.00225 0.454434
1.93657 0.449769
1.93657 0.449769
1.93657 0.449769
1.88498 0.442968
1.88498 0.442968
1.88498 0.442968
1.84145 0.435883
1.84145 0.435883
1.84145 0.435883
1.80206 0.429084
1.80206 0.429084
1.80206 0.429084
1.76244 0.423121
1.76244 0.423121
1.76244 0.423121
1.7204 0.420796
1.7204 0.420796
1.7204 0.420796
1.67467 0.414789
1.67467 0.414789
1.67467 0.414789
1.61267 0.400361
1.61267 0.400361
1.61267 0.400361
1.5386 0.375675
1.5386 0.375675
1.5386 0.375675
1.46621 0.340956
1.46621 0.340956
1.46621 0.340956
1.40849 0.295682
1.40849 0.295682
1.40849 0.295682
1.36824 0.260612
1.36824 0.260612
1.36824 0.260612
1.34162 0.233334
1.34162 0.233334
1.32676 0.215867
1.32676 0.215867
1.32676 0.215867
1.31837 0.205244
1.31837 0.205244
1.31837 0.205244
1.31588 0.199389
1.31588 0.199389
1.31588 0.199389
1.27441 0.150339
1.27441 0.150339
1.27441 0.150339
1.26219 0.129894
1.26219 0.129894
1.26219 0.129894
1.26435 0.107385
1.26435 0.107385
1.26435 0.107385
1.26504 0.0883712
1.26504 0.0883712
1.26504 0.0883712
1.26236 0.0709087
1.26236 0.0709087
1.26236 0.0709087
1.26251 0.0515961
1.26251 0.0515961
1.26251 0.0515961
1.26783 0.0301569
1.26783 0.0301569
1.26783 0.0301569
1.2761 0.00489109
1.2761 0.00489109
1.2761 0.00489109
1.28181 -0.024584
1.28181 -0.024584
1.28181 -0.024584
1.29395 -0.05496
1.29395 -0.05496
1.29395 -0.05496
1.30642 -0.100234
1.30642 -0.100234
1.30642 -0.100234
1.32534 -0.153404
1.32534 -0.153404
1.32534 -0.153404
1.35633 -0.209913
1.35633 -0.209913
1.35633 -0.209913
1.39857 -0.264882
1.39857 -0.264882
1.39857 -0.264882
1.44336 -0.30592
1.44336 -0.30592
1.44336 -0.30592
1.48153 -0.332013
1.48153 -0.332013
1.48153 -0.332013
1.51192 -0.353547
1.51192 -0.353547
1.51192 -0.353547
1.54504 -0.371948
1.54504 -0.371948
1.54504 -0.371948
1.57833 -0.386763
1.57833 -0.386763
1.57833 -0.386763
1.57833 -0.386763
1.61298 -0.405799
1.61298 -0.405799
1.61298 -0.405799
1.66167 -0.429343
1.66167 -0.429343
1.66167 -0.429343
1.72202 -0.45419
1.72202 -0.45419
1.72202 -0.45419
1.78354 -0.475076
1.78354 -0.475076
1.78354 -0.475076
1.83717 -0.49175
1.83717 -0.49175
1.83717 -0.49175
1.87546 -0.506822
1.87546 -0.506822
1.87546 -0.506822
1.90906 -0.512952
1.90906 -0.512952
1.90906 -0.512952
1.93755 -0.518785
1.93755 -0.518785
1.93755 -0.518785
1.96916 -0.531449
1.96916 -0.531449
1.96916 -0.531449
1.99582 -0.535921
1.99582 -0.535921
1.99582 -0.535921
2.04359 -0.544427
2.04359 -0.544427
2.04359 -0.544427
2.11489 -0.552995
2.11489 -0.552995
2.20052 -0.556377
2.20052 -0.556377
2.20052 -0.556377
2.23937 -0.560355
2.23937 -0.560355
2.23937 -0.560355
2.27528 -0.564528
2.27528 -0.564528
2.27528 -0.564528
2.31234 -0.569582
2.31234 -0.569582
2.31234 -0.569582
2.34967 -0.573575
2.34967 -0.573575
2.34967 -0.573575
2.3905 -0.574362
2.3905 -0.574362
2.3905 -0.574362
2.3905 -0.574362
2.3905 -0.574362
2.3905 -0.574362
2.46945 -0.479549
2.46945 -0.479549
2.46945 -0.479549
2.50577 -0.458078
2.50577 -0.458078
2.50577 -0.458078
2.54093 -0.430454
2.54093 -0.430454
2.54093 -0.430454
2.57492 -0.398348
2.57492 -0.398348
2.57492 -0.398348
2.60204 -0.373631
2.60204 -0.373631
2.60204 -0.373631
2.61788 -0.357683
2.61788 -0.357683
2.61788 -0.357683
2.62598 -0.338853
2.62598 -0.338853
2.62598 -0.338853
2.63715 -0.317304
2.63715 -0.317304
2.63715 -0.317304
2.65323 -0.291954
2.65323 -0.291954
2.65323 -0.291954
2.67068 -0.267205
2.67068 -0.267205
2.67068 -0.267205
2.68917 -0.222123
2.68917 -0.222123
2.68917 -0.222123
2.69813 -0.204238
2.69813 -0.204238
2.69813 -0.204238
2.70968 -0.10309
2.70968 -0.10309
2.70968 -0.10309
2.72163 -0.0250155
2.72163 -0.0250155
2.72163 -0.0250155
2.71743 0.0348885
2.71743 0.0348885
2.71743 0.0348885
2.71446 0.0794343
2.71446 0.0794343
2.71446 0.0794343
2.71456 0.113905
2.71456 0.113905
2.71456 0.113905
2.70846 0.135852
2.70846 0.135852
2.70846 0.135852
2.70499 0.157327
2.70499 0.157327
2.70499 0.157327
2.69326 0.183978
2.69326 0.183978
2.69326 0.183978
2.67457 0.229473
2.67457 0.229473
2.67457 0.229473
2.64842 0.277035
2.64842 0.277035
2.64842 0.277035
2.64842 0.277035
2.61841 0.321057
2.61841 0.321057
2.59939 0.356573
2.59939 0.356573
2.59939 0.356573
2.5705 0.334555
2.5705 0.334555
2.5705 0.334555
2.54739 0.342064
2.54739 0.342064
2.54739 0.342064
2.53002 0.345306
2.53002 0.345306
2.53002 0.345306
2.51849 0.345933
2.51849 0.345933
2.51849 0.345933
2.51127 0.343991
2.51127 0.343991
2.51127 0.343991
2.40753 0.419784
2.40753 0.419784
2.40753 0.419784
2.33147 0.453626
2.33147 0.453626
2.33147 0.453626
2.25864 0.473766
2.25864 0.473766
2.25864 0.473766
2.18961 0.480205
2.18961 0.480205
2.18961 0.480205
2.13596 0.477508
2.13596 0.477508
2.13596 0.477508
2.09201 0.473959
2.09201 0.473959
2.09201 0.473959
2.05531 0.471232
2.05531 0.471232
2.05531 0.471232
2.02218 0.467619
2.02218 0.467619
2.02218 0.467619
1.98601 0.462269
1.98601 0.462269
1.98601 0.462269
1.93934 0.453644
1.93934 0.453644
1.93934 0.453644
1.88241 0.437674
1.88241 0.437674
1.88241 0.437674
1.82736 0.418956
1.82736 0.418956
1.82736 0.418956
1.77643 0.401555
1.77643 0.401555
1.77643 0.401555
1.73832 0.387804
1.73832 0.387804
1.73832 0.387804
1.70647 0.374326
1.70647 0.374326
1.70647 0.374326
1.6775 0.356217
1.6775 0.356217
1.6775 0.356217
1.64245 0.339077
1.64245 0.339077
1.64245 0.339077
1.60623 0.320101
1.60623 0.320101
1.60623 0.320101
1.55775 0.294886
1.55775 0.294886
1.55775 0.294886
1.49848 0.263224
1.49848 0.263224
1.49848 0.263224
1.44174 0.230119
1.44174 0.230119
1.44174 0.230119
1.39696 0.198753
1.39696 0.198753
1.39696 0.198753
1.36596 0.179384
1.36596 0.179384
1.36596 0.179384
1.34008 0.168188
1.34008 0.168188
1.34008 0.168188
1.31919 0.159325
1.31919 0.159325
1.31919 0.159325
1.30359 0.150454
1.30359 0.150454
1.30359 0.150454
1.28373 0.132076
1.28373 0.132076
1.28373 0.132076
1.25672 0.106467
1.25672 0.106467
1.25672 0.106467
1.22482 0.0781731
1.22482 0.0781731
1.1943 0.0562524
1.1943 0.0562524
1.1943 0.0562524
1.17076 0.041025
1.17076 0.041025
1.17076 0.041025
1.15633 0.0293287
1.15633 0.0293287
1.15633 0.0293287
1.14598 0.0196473
1.14598 0.0196473
1.14598 0.0196473
1.14598 0.0196473
1.13775 0.0100131
1.13775 0.0100131
1.13775 0.0100131
1.13136 -0.000870112
1.13136 -0.000870112
1.13136 -0.000870112
1.13064 -0.00894323
1.13064 -0.00894323
1.13064 -0.00894323
1.13285 -0.0153697
1.13285 -0.0153697
1.13285 -0.0153697
1.13723 -0.0169696
1.13723 -0.0169696
1.13723 -0.0169696
1.13962 -0.016707
