1.42698 -0.108897
1.42698 -0.108897
1.42698 -0.108897
1.50656 -0.130156
1.50656 -0.130156
1.50656 -0.130156
1.53391 -0.141124
1.53391 -0.141124
1.53391 -0.141124
1.47309 -0.118056
1.47309 -0.118056
1.47309 -0.118056
1.49361 -0.0835701
1.49361 -0.0835701
1.49361 -0.0835701
1.44049 -0.099734
1.44049 -0.099734
1.44049 -0.099734
1.43681 -0.158306
1.43681 -0.158306
1.43681 -0.158306
1.43284 -0.167352
1.43284 -0.167352
1.43284 -0.167352
1.56319 -0.302495
1.56319 -0.302495
1.56319 -0.302495
1.5794 -0.305824
1.5794 -0.305824
1.5794 -0.305824
1.62024 -0.318274
1.62024 -0.318274
1.62024 -0.318274
1.62024 -0.318274
1.62681 -0.313756
1.62681 -0.313756
1.62681 -0.313756
1.67925 -0.296007
1.67925 -0.296007
1.67925 -0.296007
1.71002 -0.355545
1.71002 -0.355545
1.71002 -0.355545
1.88882 -0.57512
1.88882 -0.57512
1.88882 -0.57512
1.90791 -0.640459
1.90791 -0.640459
1.90791 -0.640459
1.93262 -0.59847
1.93262 -0.59847
1.93262 -0.59847
1.98591 -0.592371
1.98591 -0.592371
1.98591 -0.592371
2.02378 -0.546528
2.02378 -0.546528
2.02378 -0.546528
2.01383 -0.616048
2.01383 -0.616048
2.01383 -0.616048
2.05527 -0.611328
2.05527 -0.611328
2.05527 -0.611328
2.26547 -0.516741
2.26547 -0.516741
2.26547 -0.516741
2.35443 -0.485969
2.35443 -0.485969
2.35443 -0.485969
2.37472 -0.481306
2.37472 -0.481306
2.37472 -0.481306
2.43085 -0.527344
2.43085 -0.527344
2.43085 -0.527344
2.50651 -0.484954
2.50651 -0.484954
2.50651 -0.484954
2.51449 -0.485026
2.51449 -0.485026
2.47296 -0.461088
2.47296 -0.461088
2.47296 -0.461088
2.50895 -0.405256
2.50895 -0.405256
2.50895 -0.405256
2.62159 -0.377415
2.62159 -0.377415
2.62159 -0.377415
2.67391 -0.406563
2.67391 -0.406563
2.67391 -0.406563
2.73968 -0.331473
2.73968 -0.331473
2.73968 -0.331473
2.76814 -0.302874
2.76814 -0.302874
2.76814 -0.302874
2.78444 -0.209981
2.78444 -0.209981
2.78444 -0.209981
2.77027 -0.0517314
2.77027 -0.0517314
2.77027 -0.0517314
2.77344 -0.0012207
2.77344 -0.0012207
2.77344 -0.0012207
2.84811 -0.119892
2.84811 -0.119892
2.84811 -0.119892
2.83327 -0.0823171
2.83327 -0.0823171
2.83327 -0.0823171
2.80492 -0.0597426
2.80492 -0.0597426
2.80492 -0.0597426
2.73047 -0.0183293
2.73047 -0.0183293
2.73047 -0.0183293
2.81199 0.0806726
2.81199 0.0806726
2.81199 0.0806726
2.86841 0.252686
2.86841 0.252686
2.86841 0.252686
2.81493 0.381771
2.81493 0.381771
2.81493 0.381771
2.75252 0.392389
2.75252 0.392389
2.75252 0.392389
2.81166 0.341216
2.81166 0.341216
2.81166 0.341216
2.67363 0.286328
2.67363 0.286328
2.67363 0.286328
2.60537 0.31612
2.60537 0.31612
2.60537 0.31612
2.57594 0.357344
2.57594 0.357344
2.57594 0.357344
2.52416 0.429324
2.52416 0.429324
2.52416 0.429324
2.4025 0.360312
2.4025 0.360312
2.4025 0.360312
2.4147 0.460093
2.4147 0.460093
2.4147 0.460093
2.37001 0.544271
2.37001 0.544271
2.37001 0.544271
2.37001 0.544271
2.18793 0.516927
2.18793 0.516927
2.18793 0.516927
2.21533 0.498047
2.21533 0.498047
2.21533 0.498047
2.22425 0.536044
2.22425 0.536044
2.22425 0.536044
2.18496 0.556686
2.18496 0.556686
2.18496 0.556686
2.09821 0.592411
2.09821 0.592411
2.09821 0.592411
2.04289 0.480548
2.04289 0.480548
2.04289 0.480548
1.93031 0.59125
1.93031 0.59125
1.93031 0.59125
1.9425 0.505625
1.9425 0.505625
1.9425 0.505625
1.90159 0.459435
1.90159 0.459435
1.90159 0.459435
1.80182 0.48007
1.80182 0.48007
1.80182 0.48007
1.82843 0.429387
1.82843 0.429387
1.82843 0.429387
1.77512 0.392923
1.77512 0.392923
1.77512 0.392923
1.75472 0.44487
1.75472 0.44487
1.75472 0.44487
1.65684 0.360547
1.65684 0.360547
1.65684 0.360547
1.71391 0.238281
1.71391 0.238281
1.71391 0.238281
1.64049 0.203125
1.64049 0.203125
1.64049 0.203125
1.62557 0.322409
1.62557 0.322409
1.62557 0.322409
1.58789 0.172266
1.58789 0.172266
1.58789 0.172266
1.52726 0.299267
1.52726 0.299267
1.50705 0.186275
1.50705 0.186275
1.50705 0.186275
1.47686 0.1477
1.47686 0.1477
1.47686 0.1477
1.45741 0.153493
1.45741 0.153493
1.45741 0.153493
1.37788 0.0139803
1.37788 0.0139803
1.37788 0.0139803
1.49006 -0.071733
1.49006 -0.071733
1.49006 -0.071733
1.4623 -0.177148
1.4623 -0.177148
1.4623 -0.177148
1.40885 -0.226004
1.40885 -0.226004
1.40885 -0.226004
1.39083 -0.272236
1.39083 -0.272236
1.39083 -0.272236
1.48617 -0.265625
1.48617 -0.265625
1.48617 -0.265625
1.50727 -0.318966
1.50727 -0.318966
1.50727 -0.318966
1.50029 -0.330729
1.50029 -0.330729
1.50029 -0.330729
1.52096 -0.444531
1.52096 -0.444531
1.52096 -0.444531
1.43677 -0.510356
1.43677 -0.510356
1.43677 -0.510356
1.39844 -0.513916
1.39844 -0.513916
1.39844 -0.513916
1.43271 -0.526456
1.43271 -0.526456
1.43271 -0.526456
1.39719 -0.526278
1.39719 -0.526278
1.39719 -0.526278
1.53244 -0.52072
1.53244 -0.52072
1.53244 -0.52072
1.67773 -0.629069
1.67773 -0.629069
1.67773 -0.629069
1.75665 -0.65891
1.75665 -0.65891
1.75665 -0.65891
1.74045 -0.673958
1.74045 -0.673958
1.74045 -0.673958
1.74563 -0.75875
1.74563 -0.75875
1.74563 -0.75875
1.74563 -0.75875
1.75278 -0.724826
1.75278 -0.724826
1.75278 -0.724826
1.83716 -0.743719
1.83716 -0.743719
1.83716 -0.743719
1.87326 -0.713715
1.87326 -0.713715
1.87326 -0.713715
1.8625 -0.702778
1.8625 -0.702778
1.8625 -0.702778
2.01962 -0.914757
2.01962 -0.914757
2.01962 -0.914757
2.10547 -0.936094
2.10547 -0.936094
2.10547 -0.936094
2.12416 -0.919782
2.12416 -0.919782
2.12416 -0.919782
2.13165 -0.940991
2.13165 -0.940991
2.13165 -0.940991
2.22381 -0.859954
2.22381 -0.859954
2.22381 -0.859954
2.20732 -0.923611
2.20732 -0.923611
2.20732 -0.923611
2.26507 -0.845285
2.26507 -0.845285
2.26507 -0.845285
2.33713 -0.920856
2.33713 -0.920856
2.33713 -0.920856
2.39895 -0.855129
2.39895 -0.855129
2.39895 -0.855129
2.50355 -0.770597
2.50355 -0.770597
2.50355 -0.770597
2.5059 -0.794664
2.5059 -0.794664
2.5059 -0.794664
2.56543 -0.749442
2.56543 -0.749442
2.56543 -0.749442
2.62561 -0.766085
2.62561 -0.766085
2.62561 -0.766085
2.64583 -0.714988
2.64583 -0.714988
2.64583 -0.714988
2.7103 -0.662584
2.7103 -0.662584
2.7103 -0.662584
2.81036 -0.584406
2.81036 -0.584406
2.81036 -0.584406
2.79578 -0.54633
2.79578 -0.54633
2.7252 -0.545516
2.7252 -0.545516
2.7252 -0.545516
2.84026 -0.47357
2.84026 -0.47357
2.84026 -0.47357
2.73806 -0.411241
2.73806 -0.411241
2.73806 -0.411241
2.75033 -0.446615
2.75033 -0.446615
2.75033 -0.446615
2.8625 -0.359375
2.8625 -0.359375
2.8625 -0.359375
2.88817 -0.254241
2.88817 -0.254241
2.88817 -0.254241
2.808 -0.210701
2.808 -0.210701
2.808 -0.210701
2.79385 -0.180485
2.79385 -0.180485
2.79385 -0.180485
2.88976 -0.232986
2.88976 -0.232986
2.88976 -0.232986
2.78364 -0.131537
2.78364 -0.131537
2.78364 -0.131537
2.78674 -0.11004
2.78674 -0.11004
2.78674 -0.11004
2.81144 -0.041174
2.81144 -0.041174
2.81144 -0.041174
2.71925 0.0275931
2.71925 0.0275931
2.71925 0.0275931
2.81325 0.0513822
2.81325 0.0513822
2.81325 0.0513822
2.73674 0.230015
2.73674 0.230015
2.73674 0.230015
2.66244 0.297907
2.66244 0.297907
2.66244 0.297907
2.61733 0.124116
2.61733 0.124116
2.61733 0.124116
2.55564 0.104611
2.55564 0.104611
2.55564 0.104611
2.50563 0.193496
2.50563 0.193496
2.50563 0.193496
2.50563 0.193496
2.42514 0.219034
2.42514 0.219034
2.42514 0.219034
2.46647 0.210286
2.46647 0.210286
2.46647 0.210286
2.3738 0.286258
2.3738 0.286258
2.3738 0.286258
2.40076 0.343328
2.40076 0.343328
2.40076 0.343328
2.21216 0.309326
2.21216 0.309326
2.21216 0.309326
2.2884 0.392453
2.2884 0.392453
2.2884 0.392453
2.20955 0.346354
2.20955 0.346354
2.20955 0.346354
2.14435 0.34654
2.14435 0.34654
2.14435 0.34654
2.06295 0.340294
2.06295 0.340294
2.06295 0.340294
2.04266 0.37375
2.04266 0.37375
2.04266 0.37375
2.00753 0.431818
2.00753 0.431818
2.00753 0.431818
1.94978 0.43479
1.94978 0.43479
1.94978 0.43479
1.91789 0.342586
1.91789 0.342586
1.91789 0.342586
1.73713 0.499081
1.73713 0.499081
1.73713 0.499081
1.74558 0.429178
1.74558 0.429178
1.74558 0.429178
1.73267 0.344744
1.73267 0.344744
1.73267 0.344744
1.68722 0.362026
1.68722 0.362026
1.68722 0.362026
1.6402 0.343608
1.6402 0.343608
1.6402 0.343608
1.63976 0.284144
1.63976 0.284144
1.63976 0.284144
1.62797 0.252031
1.62797 0.252031
1.62797 0.252031
1.60657 0.233048
1.60657 0.233048
1.60657 0.233048
1.60672 0.239118
1.60672 0.239118
1.60672 0.239118
1.5559 0.10924
1.5559 0.10924
1.56607 0.0324389
1.56607 0.0324389
1.56607 0.0324389
1.50958 0.145917
1.50958 0.145917
1.50958 0.145917
1.46575 0.123197
1.46575 0.123197
1.46575 0.123197
1.4279 0.0959821
1.4279 0.0959821
1.4279 0.0959821
1.42406 0.0743096
1.42406 0.0743096
1.42406 0.0743096
1.35718 0.0237116
1.35718 0.0237116
1.35718 0.0237116
1.35371 0.0101103
1.35371 0.0101103
1.35371 0.0101103
1.33063 -0.0465802
1.33063 -0.0465802
1.33063 -0.0465802
1.32158 -0.188767
1.32158 -0.188767
1.32158 -0.188767
1.32566 -0.247533
1.32566 -0.247533
1.32566 -0.247533
1.38753 -0.317888
1.38753 -0.317888
1.38753 -0.317888
1.41574 -0.343192
1.41574 -0.343192
1.41574 -0.343192
1.44149 -0.37633
1.44149 -0.37633
1.44149 -0.37633
1.47347 -0.397892
1.47347 -0.397892
1.47347 -0.397892
1.50209 -0.446568
1.50209 -0.446568
1.50209 -0.446568
1.50727 -0.488955
1.50727 -0.488955
1.50727 -0.488955
1.54452 -0.506191
1.54452 -0.506191
1.54452 -0.506191
1.54452 -0.506191
1.59518 -0.565051
1.59518 -0.565051
1.59518 -0.565051
1.6166 -0.53464
1.6166 -0.53464
1.6166 -0.53464
1.59355 -0.578125
1.59355 -0.578125
1.59355 -0.578125
1.57552 -0.604167
1.57552 -0.604167
1.57552 -0.604167
1.60785 -0.598323
1.60785 -0.598323
1.60785 -0.598323
1.7219 -0.583383
1.7219 -0.583383
1.7219 -0.583383
1.86965 -0.579138
1.86965 -0.579138
1.86965 -0.579138
1.88143 -0.568781
1.88143 -0.568781
1.88143 -0.568781
1.93135 -0.56516
1.93135 -0.56516
1.93135 -0.56516
1.95475 -0.648143
1.95475 -0.648143
1.95475 -0.648143
1.96443 -0.624023
1.96443 -0.624023
1.96443 -0.624023
1.96436 -0.615072
1.96436 -0.615072
1.96436 -0.615072
2.01164 -0.555644
2.01164 -0.555644
2.01164 -0.555644
2.04328 -0.572969
2.04328 -0.572969
2.04328 -0.572969
2.00527 -0.563953
2.00527 -0.563953
2.00527 -0.563953
2.14531 -0.613021
2.14531 -0.613021
2.14531 -0.613021
2.26929 -0.598055
2.26929 -0.598055
2.26929 -0.598055
2.28449 -0.646816
2.28449 -0.646816
2.28449 -0.646816
2.3137 -0.644381
2.3137 -0.644381
2.3137 -0.644381
2.46905 -0.594351
2.46905 -0.594351
2.46905 -0.594351
2.43206 -0.506696
2.43206 -0.506696
2.43206 -0.506696
2.45312 -0.473858
2.45312 -0.473858
2.42746 -0.578404
2.42746 -0.578404
2.42746 -0.578404
2.42746 -0.578404
2.5362 -0.501042
2.5362 -0.501042
2.5362 -0.501042
2.50377 -0.497349
2.50377 -0.497349
2.50377 -0.497349
2.65313 -0.444034
2.65313 -0.444034
2.64333 -0.415114
2.64333 -0.415114
2.64333 -0.415114
2.67769 -0.423537
2.67769 -0.423537
2.67769 -0.423537
2.54387 -0.370793
2.54387 -0.370793
2.54387 -0.370793
2.73775 -0.225142
2.73775 -0.225142
2.73775 -0.225142
2.65536 -0.159821
2.65536 -0.159821
2.65536 -0.159821
2.71763 -0.0854592
2.71763 -0.0854592
2.71763 -0.0854592
2.71804 -0.0492424
2.71804 -0.0492424
2.71804 -0.0492424
2.62009 -0.102455
2.62009 -0.102455
2.62009 -0.102455
2.6276 -0.0668403
2.6276 -0.0668403
2.6276 -0.0668403
2.62746 -0.0122768
2.62746 -0.0122768
2.62746 -0.0122768
2.61589 0.0226935
2.61589 0.0226935
2.61589 0.0226935
2.59746 0.0175781
2.59746 0.0175781
2.59746 0.0175781
2.54233 0.0828488
2.54233 0.0828488
2.54233 0.0828488
2.59707 0.169336
2.59707 0.169336
2.59707 0.169336
2.59707 0.169336
2.64531 0.116518
2.64531 0.116518
2.64531 0.116518
2.57639 0.187355
2.57639 0.187355
2.57639 0.187355
2.53928 0.240885
2.53928 0.240885
2.53928 0.240885
2.44041 0.273256
2.44041 0.273256
2.44041 0.273256
2.46509 0.29754
2.46509 0.29754
2.46509 0.29754
2.48438 0.364583
2.48438 0.364583
2.48438 0.364583
2.42952 0.38248
2.42952 0.38248
2.42952 0.38248
2.40345 0.48117
2.40345 0.48117
2.40345 0.48117
2.34297 0.483984
2.34297 0.483984
2.34297 0.483984
2.2567 0.563802
2.2567 0.563802
2.2567 0.563802
2.25122 0.392361
2.25122 0.392361
2.25122 0.392361
2.22694 0.389482
2.22694 0.389482
2.22694 0.389482
2.13647 0.428358
2.13647 0.428358
2.13647 0.428358
2.12031 0.371701
2.12031 0.371701
2.12031 0.371701
2.08063 0.411406
2.08063 0.411406
2.08063 0.411406
2.03477 0.439648
2.03477 0.439648
2.03477 0.439648
2.04124 0.510901
2.04124 0.510901
2.04124 0.510901
1.93063 0.364583
1.93063 0.364583
1.93063 0.364583
1.86024 0.402633
1.86024 0.402633
1.86024 0.402633
1.83507 0.486111
1.83507 0.486111
1.83507 0.486111
1.85847 0.448468
1.85847 0.448468
1.85847 0.448468
1.77176 0.465402
1.77176 0.465402
1.77176 0.465402
1.72786 0.440683
1.72786 0.440683
1.72786 0.440683
1.66752 0.472055
1.66752 0.472055
1.66752 0.472055
1.64228 0.459736
1.64228 0.459736
1.64228 0.459736
1.58758 0.389186
1.58758 0.389186
1.58758 0.389186
1.53564 0.474365
1.53564 0.474365
1.53564 0.474365
1.40495 0.499132
1.40495 0.499132
1.39078 0.379902
1.39078 0.379902
1.39078 0.379902
1.43172 0.313437
1.43172 0.313437
1.43172 0.313437
1.33099 0.279177
1.33099 0.279177
1.33099 0.279177
1.30188 0.267027
1.30188 0.267027
1.30188 0.267027
1.37625 0.224688
1.37625 0.224688
1.37625 0.224688
1.43555 0.217913
1.43555 0.217913
1.43555 0.217913
1.39126 0.170599
1.39126 0.170599
1.39126 0.170599
1.37155 0.106831
1.37155 0.106831
1.37155 0.106831
1.35647 0.0845982
1.35647 0.0845982
1.35647 0.0845982
1.325 0.0833333
1.325 0.0833333
1.325 0.0833333
1.32138 0.0827415
1.32138 0.0827415
1.32138 0.0827415
1.33097 0.0179924
1.33097 0.0179924
1.33097 0.0179924
1.24769 0.0584162
1.24769 0.0584162
1.24769 0.0584162
1.24769 0.0584162
1.28725 -0.0232558
1.28725 -0.0232558
1.28725 -0.0232558
1.19348 -0.0325798
1.19348 -0.0325798
1.19348 -0.0325798
1.17944 -0.133569
1.17944 -0.133569
1.17944 -0.133569
1.32892 -0.19849
1.32892 -0.19849
1.32892 -0.19849
1.34092 -0.255388
1.34092 -0.255388
1.34092 -0.255388
1.33769 -0.317888
1.33769 -0.317888
1.33769 -0.317888
1.351 -0.339565
1.351 -0.339565
1.351 -0.339565
1.364 -0.367477
1.364 -0.367477
1.364 -0.367477
1.43782 -0.330198
1.43782 -0.330198
1.43782 -0.330198
1.46307 -0.464205
1.46307 -0.464205
1.46307 -0.464205
1.5204 -0.481337
1.5204 -0.481337
1.5204 -0.481337
1.54251 -0.471001
1.54251 -0.471001
1.54251 -0.471001
1.54716 -0.482639
1.54716 -0.482639
1.54716 -0.482639
1.62781 -0.487031
1.62781 -0.487031
1.62781 -0.487031
1.55812 -0.553354
1.55812 -0.553354
1.55812 -0.553354
1.56403 -0.555197
1.56403 -0.555197
1.56403 -0.555197
1.63655 -0.54144
1.63655 -0.54144
1.63655 -0.54144
1.7746 -0.496011
1.7746 -0.496011
1.7746 -0.496011
1.83949 -0.481179
1.83949 -0.481179
1.83949 -0.481179
1.82915 -0.518092
1.82915 -0.518092
1.82915 -0.518092
1.88532 -0.518834
1.88532 -0.518834
1.88532 -0.518834
1.94041 -0.543352
1.94041 -0.543352
1.94041 -0.543352
1.99009 -0.555106
1.99009 -0.555106
1.99009 -0.555106
1.97413 -0.498264
1.97413 -0.498264
1.97413 -0.498264
1.98177 -0.499199
1.98177 -0.499199
1.98177 -0.499199
2.07956 -0.548151
2.07956 -0.548151
2.07956 -0.548151
2.17985 -0.587766
2.17985 -0.587766
2.17985 -0.587766
2.18074 -0.594651
2.18074 -0.594651
2.18074 -0.594651
2.28981 -0.63762
2.28981 -0.63762
2.30799 -0.607986
2.30799 -0.607986
2.30799 -0.607986
2.35576 -0.502749
2.35576 -0.502749
2.35576 -0.502749
2.40459 -0.433677
2.40459 -0.433677
2.40459 -0.433677
2.41918 -0.509517
2.41918 -0.509517
2.41918 -0.509517
2.43983 -0.532746
2.43983 -0.532746
2.43983 -0.532746
2.49663 -0.481712
2.49663 -0.481712
2.49663 -0.481712
2.47606 -0.515957
2.47606 -0.515957
2.47606 -0.515957
2.51925 -0.46582
2.51925 -0.46582
2.51925 -0.46582
2.625 -0.416992
2.625 -0.416992
2.625 -0.416992
2.60344 -0.409687
2.60344 -0.409687
2.60344 -0.409687
2.66274 -0.391215
2.66274 -0.391215
2.66274 -0.391215
2.66274 -0.391215
2.52875 -0.29625
2.52875 -0.29625
2.52875 -0.29625
2.61358 -0.251803
2.61358 -0.251803
2.61358 -0.251803
2.68694 -0.157924
2.68694 -0.157924
2.68694 -0.157924
2.75858 -0.087163
2.75858 -0.087163
2.75858 -0.087163
2.62902 -0.157366
2.62902 -0.157366
2.62902 -0.157366
2.6788 -0.134055
2.6788 -0.134055
2.6788 -0.134055
2.63658 -0.0406789
2.63658 -0.0406789
2.63658 -0.0406789
2.67219 -0.0340625
2.67219 -0.0340625
2.67219 -0.0340625
2.67408 0.00305707
2.67408 0.00305707
2.67408 0.00305707
2.59459 0.0273438
2.59459 0.0273438
2.59459 0.0273438
2.64598 0.139286
2.64598 0.139286
2.64598 0.139286
2.66827 0.173077
2.66827 0.173077
2.66827 0.173077
2.64242 0.217936
2.64242 0.217936
2.64242 0.217936
2.58553 0.121916
2.58553 0.121916
2.58553 0.121916
2.60102 0.230334
2.60102 0.230334
2.60102 0.230334
2.5494 0.254596
2.5494 0.254596
2.5494 0.254596
2.55131 0.320524
2.55131 0.320524
2.55131 0.320524
2.55301 0.346912
2.55301 0.346912
2.55301 0.346912
2.51919 0.411175
2.51919 0.411175
2.51919 0.411175
2.59508 0.550366
2.59508 0.550366
2.59508 0.550366
2.50637 0.605674
2.50637 0.605674
2.50637 0.605674
2.41455 0.636556
2.41455 0.636556
2.41455 0.636556
2.34826 0.477604
2.34826 0.477604
2.34826 0.477604
2.33652 0.498828
2.33652 0.498828
2.33652 0.498828
2.30363 0.495777
2.30363 0.495777
2.30363 0.495777
2.25371 0.465625
2.25371 0.465625
2.25371 0.465625
2.25096 0.575893
2.25096 0.575893
2.25096 0.575893
2.2106 0.587806
2.2106 0.587806
2.2106 0.587806
2.14118 0.578683
2.14118 0.578683
2.14118 0.578683
2.04116 0.409489
2.04116 0.409489
2.04116 0.409489
2.01244 0.534433
2.01244 0.534433
2.01244 0.534433
2.02875 0.5175
2.02875 0.5175
2.02875 0.5175
2.00931 0.506815
2.00931 0.506815
2.00931 0.506815
1.92383 0.50601
1.92383 0.50601
1.92383 0.50601
1.89117 0.515807
1.89117 0.515807
1.86452 0.516158
1.86452 0.516158
1.86452 0.516158
1.8415 0.521785
1.8415 0.521785
1.8415 0.521785
1.76793 0.453125
1.76793 0.453125
1.76793 0.453125
1.67839 0.543403
1.67839 0.543403
1.67839 0.543403
1.60312 0.522656
1.60312 0.522656
1.60312 0.522656
1.60312 0.522656
1.59931 0.404147
1.59931 0.404147
1.59931 0.404147
1.65696 0.342898
1.65696 0.342898
1.65696 0.342898
1.57105 0.314416
1.57105 0.314416
1.57105 0.314416
1.48137 0.295373
1.48137 0.295373
1.48137 0.295373
1.47406 0.240469
1.47406 0.240469
1.47406 0.240469
1.51148 0.219228
1.51148 0.219228
1.51148 0.219228
1.50947 0.22357
1.50947 0.22357
1.50947 0.22357
1.49063 0.207244
1.49063 0.207244
1.49063 0.207244
1.51908 0.0740685
1.51908 0.0740685
1.51908 0.0740685
1.46755 0.0396635
1.46755 0.0396635
1.46755 0.0396635
1.42824 0.0303819
1.42824 0.0303819
1.42824 0.0303819
1.45156 -0.00885417
1.45156 -0.00885417
1.45156 -0.00885417
1.3995 0.0227273
1.3995 0.0227273
1.3995 0.0227273
1.37582 0.00411184
1.37582 0.00411184
1.37582 0.00411184
1.3641 -0.0208333
1.3641 -0.0208333
1.3641 -0.0208333
1.34844 -0.0201172
1.34844 -0.0201172
1.34844 -0.0201172
1.32918 -0.0524339
1.32918 -0.0524339
1.32918 -0.0524339
1.31719 -0.159635
1.31719 -0.159635
1.31719 -0.159635
1.35798 -0.221261
1.35798 -0.221261
1.35798 -0.221261
1.39284 -0.283073
1.39284 -0.283073
1.39284 -0.283073
1.4196 -0.342614
1.4196 -0.342614
1.4196 -0.342614
1.44801 -0.343885
1.44801 -0.343885
1.44801 -0.343885
1.47449 -0.378348
1.47449 -0.378348
1.47449 -0.378348
1.4708 -0.429688
1.4708 -0.429688
1.4708 -0.429688
1.50824 -0.390057
1.50824 -0.390057
1.50824 -0.390057
1.53742 -0.449836
1.53742 -0.449836
1.53742 -0.449836
1.59867 -0.415365
1.59867 -0.415365
1.59867 -0.415365
1.61431 -0.454496
1.61431 -0.454496
1.61431 -0.454496
1.60851 -0.503125
1.60851 -0.503125
1.60851 -0.503125
1.66912 -0.493413
1.66912 -0.493413
1.66912 -0.493413
1.63984 -0.52168
1.63984 -0.52168
1.63984 -0.52168
1.66389 -0.525
1.66389 -0.525
1.66389 -0.525
1.67798 -0.519531
1.67798 -0.519531
1.67798 -0.519531
1.86337 -0.502951
1.86337 -0.502951
1.86337 -0.502951
1.84956 -0.481831
1.84956 -0.481831
1.84956 -0.481831
1.90594 -0.5125
1.90594 -0.5125
1.94432 -0.511648
1.94432 -0.511648
1.94432 -0.511648
2.01651 -0.558667
2.01651 -0.558667
2.01651 -0.558667
2.05594 -0.529157
2.05594 -0.529157
2.05594 -0.529157
2.02871 -0.489644
2.02871 -0.489644
2.02871 -0.489644
2.02871 -0.489644
2.00185 -0.485938
2.00185 -0.485938
2.00185 -0.485938
2.08424 -0.463995
2.08424 -0.463995
2.08424 -0.463995
2.10501 -0.498621
2.10501 -0.498621
2.10501 -0.498621
2.30583 -0.558757
2.30583 -0.558757
2.30583 -0.558757
2.32482 -0.553936
2.32482 -0.553936
2.32482 -0.553936
2.30764 -0.475088
2.30764 -0.475088
2.30764 -0.475088
2.47126 -0.490513
2.47126 -0.490513
2.47126 -0.490513
2.4473 -0.440909
2.4473 -0.440909
2.4473 -0.440909
2.52437 -0.429129
2.52437 -0.429129
2.52437 -0.429129
2.47313 -0.436738
2.47313 -0.436738
2.47313 -0.436738
2.55145 -0.478987
2.55145 -0.478987
2.55145 -0.478987
2.59744 -0.366102
2.59744 -0.366102
2.59744 -0.366102
2.58677 -0.388951
2.58677 -0.388951
2.58677 -0.388951
2.66902 -0.305288
2.66902 -0.305288
2.66902 -0.305288
2.7018 -0.276386
2.7018 -0.276386
2.7018 -0.276386
2.72972 -0.295711
2.72972 -0.295711
2.72972 -0.295711
2.74054 -0.300576
2.74054 -0.300576
2.74054 -0.300576
2.71172 -0.217187
2.71172 -0.217187
2.71172 -0.217187
2.69682 -0.169471
2.69682 -0.169471
2.69682 -0.169471
2.84513 -0.0431985
2.84513 -0.0431985
2.84513 -0.0431985
2.70386 -0.0715332
2.70386 -0.0715332
2.70386 -0.0715332
2.78392 -0.045847
2.78392 -0.045847
2.78392 -0.045847
2.70226 -0.0131944
2.70226 -0.0131944
2.70226 -0.0131944
2.70094 -0.00145349
2.70094 -0.00145349
2.70094 -0.00145349
2.74457 0.00499132
2.74457 0.00499132
2.74457 0.00499132
2.6816 0.0454401
2.6816 0.0454401
2.6816 0.0454401
2.6403 0.180827
2.6403 0.180827
2.6403 0.180827
2.70954 0.176282
2.70954 0.176282
2.70954 0.176282
2.73286 0.13737
2.73286 0.13737
2.73286 0.13737
2.64727 0.227539
2.64727 0.227539
2.64727 0.227539
2.56394 0.256168
2.56394 0.256168
2.56394 0.256168
2.52513 0.201858
2.52513 0.201858
2.52513 0.201858
2.62161 0.322818
2.62161 0.322818
2.62161 0.322818
2.52118 0.355319
2.52118 0.355319
2.52118 0.355319
2.51007 0.432813
2.51007 0.432813
2.51007 0.432813
2.48471 0.475204
2.48471 0.475204
2.38488 0.542279
2.38488 0.542279
2.38488 0.542279
2.38488 0.542279
2.33263 0.491436
2.33263 0.491436
2.33263 0.491436
2.31827 0.387228
2.31827 0.387228
2.19387 0.468339
2.19387 0.468339
2.19387 0.468339
2.19387 0.468339
2.21916 0.503084
2.21916 0.503084
2.21916 0.503084
2.17172 0.395
2.17172 0.395
2.17172 0.395
2.19598 0.510306
2.19598 0.510306
2.19598 0.510306
2.05503 0.456944
2.05503 0.456944
2.05503 0.456944
2.07672 0.466747
2.07672 0.466747
2.07672 0.466747
1.9433 0.336694
1.9433 0.336694
1.9433 0.336694
1.94866 0.381856
1.94866 0.381856
1.94866 0.381856
1.90891 0.409531
1.90891 0.409531
1.90891 0.409531
1.87485 0.418042
1.87485 0.418042
1.87485 0.418042
1.81734 0.403594
1.81734 0.403594
1.81734 0.403594
1.75355 0.409233
1.75355 0.409233
1.75355 0.409233
1.73888 0.39979
1.73888 0.39979
1.73888 0.39979
1.69983 0.355208
1.69983 0.355208
1.69983 0.355208
1.63562 0.384816
1.63562 0.384816
1.63562 0.384816
1.52799 0.390191
1.52799 0.390191
1.52799 0.390191
1.44488 0.331163
1.44488 0.331163
1.44488 0.331163
1.54535 0.201427
1.54535 0.201427
1.54535 0.201427
1.4707 0.179297
1.4707 0.179297
1.4707 0.179297
1.4145 0.169922
1.4145 0.169922
1.4145 0.169922
1.38013 0.15558
1.38013 0.15558
1.38013 0.15558
1.4341 0.113791
1.4341 0.113791
1.4341 0.113791
1.41776 0.0526316
1.41776 0.0526316
1.41776 0.0526316
1.46644 0.0471644
1.46644 0.0471644
1.46644 0.0471644
1.54368 -0.0053267
1.54368 -0.0053267
1.54368 -0.0053267
1.53363 -0.0295516
1.53363 -0.0295516
1.53363 -0.0295516
1.53993 -0.0416667
1.53993 -0.0416667
1.53993 -0.0416667
1.45992 -0.0370245
1.45992 -0.0370245
1.45992 -0.0370245
1.47933 -0.0582157
1.47933 -0.0582157
1.47933 -0.0582157
1.45217 -0.068407
1.45217 -0.068407
1.45217 -0.068407
1.46214 -0.117338
1.46214 -0.117338
1.46214 -0.117338
1.40912 -0.125957
1.40912 -0.125957
1.40912 -0.125957
1.5159 -0.227818
1.5159 -0.227818
1.5159 -0.227818
1.5259 -0.276179
1.5259 -0.276179
1.5259 -0.276179
1.55984 -0.296406
1.55984 -0.296406
1.55984 -0.296406
1.61537 -0.310826
1.61537 -0.310826
1.61537 -0.310826
1.61431 -0.328125
1.61431 -0.328125
1.61431 -0.328125
1.70297 -0.270221
1.70297 -0.270221
1.70297 -0.270221
1.69133 -0.292158
1.69133 -0.292158
1.69133 -0.292158
1.72714 -0.376013
1.72714 -0.376013
1.72714 -0.376013
1.77551 -0.568474
1.77551 -0.568474
1.77551 -0.568474
1.77551 -0.568474
1.85077 -0.498087
1.85077 -0.498087
1.88199 -0.493969
1.88199 -0.493969
1.88199 -0.493969
1.94054 -0.537616
1.94054 -0.537616
1.94054 -0.537616
1.96012 -0.512884
1.96012 -0.512884
1.96012 -0.512884
1.99219 -0.522135
1.99219 -0.522135
1.99219 -0.522135
1.93001 -0.586263
1.93001 -0.586263
1.93001 -0.586263
1.99876 -0.566584
1.99876 -0.566584
1.99876 -0.566584
2.07792 -0.496595
2.07792 -0.496595
2.07792 -0.496595
2.2163 -0.452665
2.2163 -0.452665
2.2163 -0.452665
2.28524 -0.480552
2.28524 -0.480552
2.28524 -0.480552
2.24805 -0.458594
2.24805 -0.458594
2.24805 -0.458594
2.30159 -0.515462
2.30159 -0.515462
2.30159 -0.515462
2.36619 -0.517614
2.36619 -0.517614
2.36619 -0.517614
2.42088 -0.502273
2.42088 -0.502273
2.42088 -0.502273
2.36979 -0.48584
2.36979 -0.48584
2.36979 -0.48584
2.40778 -0.449219
2.40778 -0.449219
2.40778 -0.449219
2.45695 -0.443627
2.45695 -0.443627
2.45695 -0.443627
2.50748 -0.418218
2.50748 -0.418218
2.50748 -0.418218
2.61024 -0.442419
2.61024 -0.442419
2.61024 -0.442419
2.6765 -0.458912
2.6765 -0.458912
2.6765 -0.458912
2.59949 -0.414222
2.59949 -0.414222
2.59949 -0.414222
2.67313 -0.354771
2.67313 -0.354771
2.67313 -0.354771
2.68388 -0.228443
2.68388 -0.228443
2.68388 -0.228443
2.66602 -0.22309
2.66602 -0.22309
2.66602 -0.22309
2.71484 -0.225852
2.71484 -0.225852
2.71484 -0.225852
2.82212 -0.308594
2.82212 -0.308594
2.82212 -0.308594
2.86442 -0.363155
2.86442 -0.363155
2.86442 -0.363155
2.83889 -0.252323
2.83889 -0.252323
2.83889 -0.252323
2.88815 -0.263338
2.88815 -0.263338
2.88815 -0.263338
2.82485 -0.245212
2.82485 -0.245212
2.82485 -0.245212
2.92746 -0.172619
2.92746 -0.172619
2.92746 -0.172619
2.66927 -0.0642361
2.66927 -0.0642361
2.66927 -0.0642361
2.85304 0.0747466
2.85304 0.0747466
2.85304 0.0747466
2.81519 0.140894
2.81519 0.140894
2.81519 0.140894
2.775 0.123438
2.775 0.123438
2.775 0.123438
2.72943 0.0739583
2.72943 0.0739583
2.72943 0.0739583
2.71042 0.0520833
2.71042 0.0520833
2.71042 0.0520833
2.68709 0.176398
2.68709 0.176398
2.68709 0.176398
2.68732 0.122337
2.68732 0.122337
2.68732 0.122337
2.67725 0.204753
2.67725 0.204753
2.67725 0.204753
2.67725 0.204753
2.58441 0.307546
2.58441 0.307546
2.58441 0.307546
2.64083 0.326069
2.64083 0.326069
2.61254 0.321368
2.61254 0.321368
2.61254 0.321368
2.58291 0.335685
2.58291 0.335685
2.58291 0.335685
2.4924 0.374349
2.4924 0.374349
2.4924 0.374349
2.46909 0.352582
2.46909 0.352582
2.46909 0.352582
2.48851 0.406556
2.48851 0.406556
2.48851 0.406556
2.40171 0.500908
2.40171 0.500908
2.40171 0.500908
2.34884 0.472929
2.34884 0.472929
2.34884 0.472929
2.30729 0.437826
2.30729 0.437826
2.30729 0.437826
2.24383 0.589227
2.24383 0.589227
2.24383 0.589227
2.16235 0.575267
2.16235 0.575267
2.16235 0.575267
2.20642 0.444444
2.20642 0.444444
2.20642 0.444444
2.12313 0.475781
2.12313 0.475781
2.12313 0.475781
2.06766 0.4525
2.06766 0.4525
2.06766 0.4525
2.05399 0.421177
2.05399 0.421177
2.05399 0.421177
2.04855 0.460798
2.04855 0.460798
2.04855 0.460798
1.94234 0.472656
1.94234 0.472656
1.94234 0.472656
1.95788 0.3857
1.95788 0.3857
1.95788 0.3857
1.90392 0.282912
1.90392 0.282912
1.90392 0.282912
1.82749 0.300542
1.82749 0.300542
1.82749 0.300542
1.82239 0.388871
1.82239 0.388871
1.82239 0.388871
1.86579 0.404046
1.86579 0.404046
1.86579 0.404046
1.7775 0.279063
1.7775 0.279063
1.7775 0.279063
1.69947 0.378823
1.69947 0.378823
1.69947 0.378823
1.69608 0.396752
1.69608 0.396752
1.69608 0.396752
1.64844 0.286612
1.64844 0.286612
1.64844 0.286612
1.61853 0.298884
1.61853 0.298884
1.61853 0.298884
1.52108 0.295696
1.52108 0.295696
1.52108 0.295696
1.57031 0.162024
1.57031 0.162024
1.57031 0.162024
1.54718 0.163143
1.54718 0.163143
1.54718 0.163143
1.52766 0.125938
1.52766 0.125938
1.52766 0.125938
1.52093 0.0756191
1.52093 0.0756191
1.52093 0.0756191
1.52194 0.0626502
1.52194 0.0626502
1.52194 0.0626502
1.43264 0.0200472
1.43264 0.0200472
1.43264 0.0200472
1.47117 -0.0347522
1.47117 -0.0347522
1.47117 -0.0347522
1.43906 -0.0670573
1.43906 -0.0670573
1.43906 -0.0670573
1.39219 -0.0669922
1.39219 -0.0669922
1.39219 -0.0669922
1.40996 -0.0666016
1.40996 -0.0666016
1.40996 -0.0666016
1.32581 -0.144965
1.32581 -0.144965
1.32581 -0.144965
1.37556 0.0214844
1.37556 0.0214844
1.37556 0.0214844
1.37556 0.0214844
1.35837 -0.0093246
1.35837 -0.0093246
1.34005 -0.0287829
1.34005 -0.0287829
1.34005 -0.0287829
1.32645 -0.109375
1.32645 -0.109375
1.32645 -0.109375
1.34329 -0.0753676
1.34329 -0.0753676
1.34329 -0.0753676
1.32656 -0.095625
1.32656 -0.095625
1.32656 -0.095625
